#station_id r_mc scin_hg_tot_sig wcd_hg_tot_sig scin_hg_em_sig scin_hg_mu_sig wcd_hg_em_sig wcd_hg_mu_sig
5040 1608.2 4898 251522 1784 3179 38300 213142
5048 1580.87 5527 268213 579 4409 31402 234576
5040 1608.2 2961 143673 347 2602 48690 94954
5048 1580.87 4039 203806 1202 2750 37665 165635
5040 1608.2 3413 244512 700 2748 37000 203535
5048 1580.87 8404 258436 1043 6352 50673 208266
5040 1608.2 6296 198972 1345 4087 30681 168708
5048 1580.87 3673 164046 1067 2579 40874 122504
5040 1608.2 6425 186138 3472 3088 41510 141524
5048 1580.87 4908 196004 623 4275 58179 134489
5040 1608.2 3547 273187 801 2365 70880 201813
5048 1580.87 5829 267168 815 5014 51154 215339
5040 1608.2 5060 236616 1327 3445 34632 200426
5048 1580.87 3866 207552 445 1217 42928 166844
5040 1608.2 3004 213064 583 1619 23789 188271
5048 1580.87 8905 246824 3169 5475 52925 192498
5040 1608.2 4905 185747 397 3700 23945 163424
5048 1580.87 8143 237731 433 5321 28816 211047
5040 1608.2 4039 131756 815 2394 28539 103222
5048 1580.87 2747 154406 12 1762 27056 128388
5040 1608.2 1190 150796 541 650 19074 130684
5048 1580.87 7499 151728 1384 5415 35150 114944
5040 1608.2 5612 238858 1645 3944 38282 198827
5048 1580.87 4591 228059 706 3147 48729 179737
5040 1608.2 4704 300371 1361 3259 43949 252931
5048 1580.87 5832 298774 827 4431 39122 258011
5040 1608.2 4603 220838 1165 3340 20179 200196
5048 1580.87 4905 217868 1366 3282 31292 186536
5040 1608.2 2774 161747 288 2633 27940 132774
5048 1580.87 4566 260293 126 3740 38708 221525
5040 1608.2 7256 191246 1617 4854 22936 167001
5048 1580.87 7257 214515 495 3940 40941 170143
5040 1608.2 5790 164027 293 3711 25951 136265
5048 1580.87 6526 214778 2443 4168 25271 189279
5040 1608.2 3956 279616 760 2789 65924 211970
5048 1580.87 6652 263961 843 4284 36495 224852
5040 1608.2 4014 184012 969 2640 39359 143720
5048 1580.87 1877 183884 364 1456 20605 162380
5040 1608.2 4048 197917 815 3090 46968 150504
5048 1580.87 4481 192823 440 3324 39042 155067
5040 1608.2 3792 217921 1129 2549 51772 161281
5048 1580.87 4140 218036 950 3003 39715 177651
5040 1608.2 3230 170875 1185 2095 54147 113861
5048 1580.87 5362 235470 1283 4266 28418 205564
5040 1608.2 6341 171246 1729 4664 24011 146568
5048 1580.87 4766 193677 1057 3089 30989 161366
5040 1608.2 4141 139328 849 2809 30397 109084
5048 1580.87 9134 247482 1048 4950 35194 212798
5040 1608.2 3302 157638 744 2584 44626 112077
5048 1580.87 4185 253201 884 3152 47780 205244
5040 1608.2 2874 129569 1691 1187 20580 106497
5048 1580.87 5798 166792 326 4763 30162 136986
5040 1608.2 2489 114015 447 2075 28802 82019
5048 1580.87 4327 168543 643 3098 16345 152636
5040 1608.2 3851 226743 1178 1745 28047 195607
5048 1580.87 3470 116161 1077 2023 29745 85329
5040 1608.2 2620 150816 398 1931 31092 119809
5048 1580.87 3203 166187 363 2737 39386 126395
5040 1608.2 2541 137072 446 2019 27166 108984
5048 1580.87 5226 173224 848 4261 25998 145080
5040 1608.2 8105 249695 445 5026 66302 182425
5048 1580.87 6429 231323 2466 3066 44239 186699
5040 1608.2 5542 277708 453 3354 32726 244885
5048 1580.87 11566 209800 1786 2934 29136 176775
5040 1608.2 4750 254116 551 3882 34156 216831
5048 1580.87 4719 234976 1565 3012 37088 197277
5048 1580.87 4835 131601 592 3858 22406 107147
5040 1608.2 3567 160010 614 2569 27048 129742
5040 1608.2 2888 206986 293 2255 34981 170036
5048 1580.87 2507 170007 1246 1221 26858 142445
5040 1608.2 4723 167639 1644 2515 24148 146743
5048 1580.87 4022 202559 1352 2593 35662 168343
5040 1608.2 3297 222318 1163 1744 41271 178935
5048 1580.87 6622 258788 1600 4656 31151 227296
5040 1608.2 3638 155558 859 2607 36076 117935
5048 1580.87 7020 222736 389 4878 31938 191679
5040 1608.2 4372 278452 860 3303 49388 228622
5048 1580.87 5335 280707 797 3573 44226 232031
5040 1608.2 7460 230260 1175 3292 36983 190424
5048 1580.87 7192 250433 360 3844 47026 202166
5040 1608.2 4177 148017 1120 3028 32860 116945
5048 1580.87 3734 148755 303 2954 24725 125470
5040 1608.2 3329 173316 1366 1958 26471 145796
5048 1580.87 3649 112448 671 1576 24983 86969
5040 1608.2 5260 265854 1045 4138 74215 188892
5048 1580.87 8538 269498 1151 6629 37100 231729
5040 1608.2 4150 220966 657 2860 53104 162309
5048 1580.87 6803 227099 2250 4406 29099 196722
5040 1608.2 2244 147448 251 1844 28254 120543
5048 1580.87 4072 158618 489 2585 27362 131494
5040 1608.2 4575 98164 651 3980 27949 69686
5048 1580.87 4980 146875 650 3578 39255 108004
5040 1608.2 3913 159615 1153 2208 18701 140272
5048 1580.87 4690 183609 1013 3752 24860 157183
5040 1608.2 6559 228262 1560 3587 42983 183635
5048 1580.87 7266 303235 955 5371 53813 247935
5040 1608.2 6239 227787 421 4458 31737 196406
5048 1580.87 7059 204305 1012 5155 28113 178445
5040 1608.2 6402 200193 704 5814 39941 158829
5048 1580.87 7435 232370 3782 3409 34576 198575
5040 1608.2 4032 193258 751 1214 33533 159203
5048 1580.87 5318 164776 899 4314 35080 130618
5040 1608.2 6953 178814 1614 4735 29227 150845
5048 1580.87 3374 190147 1173 2140 36626 155247
5040 1608.2 3208 158034 920 2438 22756 135102
5048 1580.87 1227 95330 457 508 26583 67788
5040 1608.2 5548 189719 2190 2981 41987 147242
5048 1580.87 3491 225184 167 2905 42070 182567
5040 1608.2 3716 237799 494 3035 44444 191428
5048 1580.87 7697 270253 2029 5334 39160 230046
5040 1608.2 7793 257753 1180 6438 34305 225203
5048 1580.87 5914 248907 942 3597 23469 226690
5040 1608.2 4923 201728 1076 2299 29988 169376
5048 1580.87 4205 234311 858 3363 41035 190387
5040 1608.2 2345 86762 0 2169 20083 65560
5048 1580.87 4416 119213 1041 3333 23257 95952
5040 1608.2 8635 271423 862 5008 38343 231152
5048 1580.87 4711 221131 1165 3304 56152 164738
5040 1608.2 7411 261910 2423 4809 31865 228225
5048 1580.87 4342 202421 472 3858 35011 166243
5040 1608.2 7026 232962 1844 2136 52879 179457
5048 1580.87 10802 268237 2997 4657 71984 195040
5040 1608.2 5119 198739 760 3034 26776 170520
5048 1580.87 7793 276458 1824 4677 47219 226787
5040 1608.2 5598 147594 2639 2951 17655 129391
5048 1580.87 3117 148536 69 2457 33614 116187
5040 1608.2 7698 143982 539 6448 37877 107833
5048 1580.87 3275 163942 180 3155 27663 134038
5040 1608.2 6085 312837 815 4549 52343 259020
5048 1580.87 8805 256722 579 6659 38769 216078
5040 1608.2 6081 225364 334 5572 24264 203731
5048 1580.87 8652 176884 4244 3718 40658 136596
5040 1608.2 2055 136635 613 1492 16327 121749
5048 1580.87 3540 148924 1290 2194 40704 106666
5040 1608.2 5111 208942 1292 3351 39145 170202
5048 1580.87 4784 237352 1110 3542 32236 205771
5040 1608.2 5084 192645 1060 2661 38767 153971
5048 1580.87 3479 190749 1158 2197 60302 130045
5040 1608.2 4114 174217 310 3752 49201 123338
5048 1580.87 4890 259229 748 4210 53081 204157
5040 1608.2 4446 246694 435 3365 31134 214505
5048 1580.87 4487 205991 1199 3251 39946 165299
5040 1608.2 6190 314746 975 5241 44632 270299
5048 1580.87 6360 337591 1814 4201 57988 275780
5040 1608.2 4438 215947 773 3479 49670 165972
5048 1580.87 5741 196613 1343 3868 35136 162513
5040 1608.2 6196 214618 913 3668 39190 176241
5048 1580.87 4680 156684 1671 2425 26704 130528
5040 1608.2 2127 173746 525 1629 37962 136412
5048 1580.87 6181 285904 852 5374 25161 257760
5040 1608.2 7148 208717 2762 3677 54281 150213
5048 1580.87 5591 258912 1778 3743 40415 216215
5040 1608.2 6270 200634 2147 3472 26878 174345
5048 1580.87 4294 248282 418 3658 32725 214625
5040 1608.2 4489 180639 853 3607 30197 151835
5048 1580.87 8760 150839 457 3513 36940 110249
5040 1608.2 4334 199002 985 2825 36032 163139
5048 1580.87 5478 289820 1228 4201 36697 248828
5040 1608.2 5959 212391 887 4916 26097 182805
5048 1580.87 6168 277115 945 5406 28444 246907
5040 1608.2 3418 179059 700 2306 45126 135198
5048 1580.87 11142 223460 4155 6657 46550 177839
5040 1608.2 8351 221651 1601 6139 34798 189183
5048 1580.87 6030 227490 807 5380 33313 191449
5040 1608.2 3548 251321 992 2347 32645 218096
5048 1580.87 4341 216530 295 4229 28950 185077
5040 1608.2 3753 203995 1541 2296 49958 149187
5048 1580.87 3685 195919 736 2841 25927 170117
5040 1608.2 7315 242655 609 4187 44884 195044
5048 1580.87 5474 220551 1506 3810 44608 173769
5040 1608.2 8328 134944 4027 1067 25841 103606
5048 1580.87 2004 69222 0 2044 20964 47289
5040 1608.2 4828 230486 1586 2508 35334 191614
5048 1580.87 2385 162737 453 1747 25076 137312
5040 1608.2 5310 239809 613 4657 29927 209926
5048 1580.87 9399 280362 2123 5482 35574 243048
5040 1608.2 4210 209305 983 3290 59930 147788
5048 1580.87 5018 227353 1266 3402 23789 200724
5040 1608.2 2109 163636 1275 872 34314 126662
5048 1580.87 4522 184681 609 4046 24343 161841
5040 1608.2 2360 165239 438 1397 31794 133178
5048 1580.87 4652 159694 890 3816 31596 127371
5040 1608.2 3793 157381 699 3166 36893 117220
5048 1580.87 3093 240676 600 1268 20999 220995
5040 1608.2 6401 270813 1962 4337 42074 228790
5048 1580.87 8683 220947 2359 5659 32949 183703
5040 1608.2 8804 211784 2545 5156 28265 182289
5048 1580.87 7090 243480 1609 5005 37914 203118
5040 1608.2 7224 202324 2287 4462 33164 170510
5048 1580.87 5043 214800 1356 3515 38646 171830
5040 1608.2 5287 173813 1389 3729 41073 133681
5048 1580.87 5015 224501 2170 2616 55741 165278
5040 1608.2 6568 224978 2115 3836 26161 197399
5048 1580.87 4119 233393 1193 2970 57911 175274
5040 1608.2 4506 179618 597 3620 42621 132616
5048 1580.87 8352 331083 1860 6418 39701 290086
5040 1608.2 4099 229232 691 3167 32854 196901
5048 1580.87 2896 162275 0 2865 38816 124398
5040 1608.2 5881 253907 516 4354 41063 210532
5048 1580.87 2904 204532 694 2044 28341 176522
5040 1608.2 8051 253115 2135 5028 13635 237645
5048 1580.87 5357 256683 2226 2987 59000 195442
5040 1608.2 4779 234271 736 3980 41835 192570
5048 1580.87 9172 255537 2813 5629 43222 210099
5040 1608.2 2854 132839 1052 1791 26153 106131
5048 1580.87 4505 160699 2222 2302 31626 126842
5040 1608.2 6006 226018 351 3938 57924 166513
5048 1580.87 5956 250305 802 4958 28653 222379
#station_id r_mc scin_hg_tot_sig wcd_hg_tot_sig scin_hg_em_sig scin_hg_mu_sig wcd_hg_em_sig wcd_hg_mu_sig
5040 1608.2 3905 175851 589 2427 31332 145451
5048 1580.87 3276 148016 0 3237 16597 132302
5040 1608.2 3518 174829 853 2590 28309 147170
5048 1580.87 7180 252150 1640 4407 44473 205349
5040 1608.2 4050 140599 387 1770 18794 123500
5048 1580.87 3957 145265 1285 2624 36076 109083
5040 1608.2 7780 241778 1015 6696 37055 204366
5048 1580.87 5444 230692 1458 3831 34843 195894
5040 1608.2 4617 205207 877 2802 41484 163125
5048 1580.87 3715 196237 421 3321 16884 178617
5048 1580.87 4815 214923 811 1377 30532 183142
5040 1608.2 7753 218602 1097 3705 36224 182680
5048 1580.87 6441 292852 2119 3646 65943 223532
5040 1608.2 5551 280276 1252 3739 25181 255367
5040 1608.2 8501 278599 2048 5921 49114 229627
5048 1580.87 6386 276096 871 5013 24061 253454
5040 1608.2 6146 190704 321 2629 55858 135805
5048 1580.87 6091 223255 2048 3988 71337 153876
5048 1580.87 3494 167575 631 1685 49688 117054
5040 1608.2 3991 126253 254 3265 28870 96166
5040 1608.2 8287 220114 3385 4718 29017 189613
5048 1580.87 7122 265952 3473 3280 41558 226040
5040 1608.2 4682 207002 1227 3222 62005 143983
5048 1580.87 2702 233581 0 2641 38100 195553
5040 1608.2 3645 235804 630 3051 30666 203542
5048 1580.87 5034 276677 1511 2846 24029 251524
5040 1608.2 6039 159984 2526 2889 35535 124595
5048 1580.87 3726 155803 71 2138 27756 127526
5040 1608.2 4736 188572 578 3305 35694 151575
5048 1580.87 3342 172669 1693 1693 22622 149868
5040 1608.2 3806 138639 624 3107 27440 111424
5048 1580.87 4159 217879 416 2730 72110 145613
5040 1608.2 4016 152653 1339 2626 22978 129053
5048 1580.87 5172 157286 1819 3171 14456 143977
5040 1608.2 6629 243124 2050 4465 32547 210322
5048 1580.87 5796 236849 35 4967 34524 200398
5040 1608.2 5586 196131 14 4685 50250 144674
5048 1580.87 3713 215554 832 2634 43143 172119
5040 1608.2 4190 138476 1508 2676 24258 114894
5048 1580.87 4298 203988 1114 3059 40042 161263
5040 1608.2 7031 119164 623 6225 22193 94070
5048 1580.87 2523 112659 1204 1206 25339 85136
5040 1608.2 3955 179278 533 3256 29964 147887
5048 1580.87 6700 216340 2340 3569 18899 196109
5040 1608.2 4143 258704 1140 3005 62190 194762
5048 1580.87 9732 279518 661 7616 31418 246676
5040 1608.2 6747 303780 1481 5263 47387 258598
5048 1580.87 7531 314342 1867 4862 62988 247636
5040 1608.2 7164 218694 10 5862 41101 176087
5048 1580.87 5932 212905 1964 3041 53675 159162
5040 1608.2 6573 149225 891 3278 37849 109075
5048 1580.87 8914 214655 2443 4092 31392 181495
5040 1608.2 10445 341976 2309 6335 49793 290938
5048 1580.87 8244 304676 1470 6714 65304 238415
5040 1608.2 5698 197280 3087 1214 39602 159193
5048 1580.87 7384 258265 1153 5461 41065 216457
5040 1608.2 3501 157118 1507 1935 24322 131736
5048 1580.87 6421 183772 1806 2652 40367 142330
5040 1608.2 3591 197342 249 3005 44057 152000
5048 1580.87 6594 246916 1663 4478 67530 177952
5040 1608.2 4020 192978 660 3338 30193 161263
5048 1580.87 5073 187726 810 4115 29771 157270
5040 1608.2 5125 179567 966 3945 31123 147654
5048 1580.87 4652 239128 448 2261 49874 191922
5040 1608.2 3953 239621 389 3373 40431 199631
5048 1580.87 2994 124032 243 2451 24243 98441
5040 1608.2 6316 286213 1481 4689 60745 228036
5048 1580.87 2460 285433 231 2261 67283 213416
5040 1608.2 3725 154321 837 2968 19555 133226
5048 1580.87 2393 143534 7 2319 31424 112206
5040 1608.2 6937 284817 1996 4849 32158 248289
5048 1580.87 8410 233121 2414 5129 39264 193953
5040 1608.2 5783 219206 722 3654 33239 183037
5048 1580.87 7613 252518 4206 2876 56682 194395
5040 1608.2 5094 194248 1380 3800 31533 162366
5048 1580.87 4954 188060 1017 2373 32636 154803
5040 1608.2 4774 130405 2069 2497 42035 90634
5048 1580.87 3210 163719 985 2129 30072 131995
5040 1608.2 3935 226980 730 2759 31485 193505
5048 1580.87 6211 284057 846 3895 61577 224414
5040 1608.2 6064 230588 2449 3644 48253 180903
5048 1580.87 6726 247600 2559 3428 37670 209608
5048 1580.87 3730 256247 1534 2234 43299 210438
5040 1608.2 3539 157215 602 2854 31776 122790
5040 1608.2 4723 154194 876 2973 28704 125160
5048 1580.87 3191 195698 1182 1943 33772 162719
5040 1608.2 3628 84753 1226 1432 13790 70229
5048 1580.87 4503 208057 1264 3250 33163 173413
5040 1608.2 5626 272431 861 4124 50411 220676
5048 1580.87 6168 238849 1546 4643 36420 200184
5040 1608.2 4894 158375 303 3125 33361 122763
5048 1580.87 4195 175997 246 3240 36464 140333
5040 1608.2 7317 247990 1968 3727 62050 183417
5048 1580.87 7581 252164 614 4789 47458 202423
5040 1608.2 5927 274279 320 5402 44854 229811
5048 1580.87 8040 297150 1934 5380 48252 248331
5040 1608.2 5983 183268 1926 3471 51334 134505
5048 1580.87 6130 242359 1720 4373 38770 201833
5040 1608.2 7496 349640 1095 6490 48468 301631
5048 1580.87 8641 339494 2370 6044 55533 288375
5040 1608.2 8707 281716 529 7668 36553 243663
5048 1580.87 6833 343153 2561 3398 48482 293702
5040 1608.2 6407 209549 850 4850 23618 185359
5048 1580.87 4594 249343 803 3358 39764 207463
5040 1608.2 4926 265435 1436 3546 36714 230511
5048 1580.87 6550 306989 910 4657 54622 252751
5040 1608.2 6981 270672 2544 4277 37511 232798
5048 1580.87 7460 245688 1541 5674 40742 207371
5040 1608.2 3890 143155 900 2990 32917 110098
5048 1580.87 4615 177925 1934 2407 26641 149540
5040 1608.2 3490 154501 191 2740 28690 125681
5048 1580.87 5384 270948 304 4886 55957 213610
5040 1608.2 5312 151739 195 3779 26069 126553
5048 1580.87 4935 176890 347 3700 43812 131344
5040 1608.2 6160 289268 826 3908 50849 238704
5048 1580.87 6498 300111 1389 3332 48711 249120
5040 1608.2 5453 167114 2073 3190 36973 127393
5048 1580.87 3881 192884 223 3570 44000 149975
5040 1608.2 4548 169787 3027 1586 36664 128700
5048 1580.87 7643 213534 978 4700 55191 157166
5040 1608.2 6323 237825 1416 1938 37225 200894
5048 1580.87 7250 237205 978 3564 25825 212619
5040 1608.2 6074 258301 1057 5018 42988 214864
5048 1580.87 5858 255662 530 5032 31451 224111
5040 1608.2 6906 239836 2095 4431 50971 187331
5048 1580.87 6815 264983 3491 3044 43830 219048
5040 1608.2 4962 196934 2267 1653 53471 142306
5048 1580.87 3541 157491 1402 2106 37823 118338
5040 1608.2 4213 242028 793 3156 39769 199987
5048 1580.87 6114 219773 862 4485 53656 162924
5040 1608.2 4110 209475 592 3310 45494 161100
5048 1580.87 7792 241754 1184 4857 22497 219272
5040 1608.2 9209 287793 509 7039 39467 248811
5048 1580.87 4819 280352 1586 3200 60514 219920
5040 1608.2 5114 239022 1407 3681 57649 179233
5048 1580.87 4263 171687 1164 2372 29423 144348
5040 1608.2 4505 186701 178 1990 30718 151615
5048 1580.87 5412 174909 2073 2901 22963 151023
5040 1608.2 4840 136016 476 4486 23734 114262
5048 1580.87 4308 142228 1160 2767 24409 117079
5040 1608.2 6444 165894 1174 4603 29958 134762
5048 1580.87 5772 245046 1361 4418 44017 200101
5040 1608.2 2654 166395 204 2513 31182 135603
5048 1580.87 4487 152963 875 3560 15687 134958
5040 1608.2 3604 138830 738 2839 22187 116155
5048 1580.87 5535 175305 1616 3849 19093 153272
5040 1608.2 3695 205597 491 3064 55400 147495
5048 1580.87 2346 141610 947 1383 31963 108741
5040 1608.2 6674 254265 1731 4722 38746 213903
5048 1580.87 9910 184052 1063 7765 39787 142492
5040 1608.2 4311 161310 963 2681 28726 132514
5048 1580.87 7419 255556 1237 3774 39737 210265
5040 1608.2 1430 94366 0 1434 18680 76123
5048 1580.87 3756 72786 194 1595 17546 55004
5040 1608.2 4769 207381 1027 3364 47185 161126
5048 1580.87 9389 197467 2486 5137 31853 164057
5040 1608.2 6567 196080 485 5663 43558 151968
5048 1580.87 5045 152749 2628 1877 35756 117338
5040 1608.2 6911 221059 3207 3603 70483 147227
5048 1580.87 6142 220811 312 5190 53571 167932
5040 1608.2 5124 187153 459 4751 43893 140692
5048 1580.87 3565 196207 0 2148 31823 163434
5040 1608.2 1258 202205 34 1330 41658 158160
5048 1580.87 6316 248378 2221 3768 30800 215551
5040 1608.2 2820 189461 368 2486 16087 172888
5048 1580.87 3551 170524 970 2645 55853 113724
5040 1608.2 6700 159888 2280 3198 39989 120277
5048 1580.87 6136 206251 962 2419 27546 178171
5040 1608.2 6254 272661 1759 4368 40998 231877
5048 1580.87 7820 285603 1956 5559 47983 238537
5040 1608.2 5498 229745 791 4715 34992 197008
5048 1580.87 3022 209946 563 2458 48556 160440
5040 1608.2 3935 161672 169 3736 36658 125288
5048 1580.87 3044 159812 898 1824 25817 135651
5040 1608.2 3999 216608 1297 2687 20986 196589
5048 1580.87 3229 211767 8 3078 28565 179824
5040 1608.2 2685 191910 884 1892 49649 141393
5048 1580.87 4149 208434 931 2618 28893 178324
5040 1608.2 7916 267492 1250 6147 18636 252565
5048 1580.87 2874 218757 951 1242 52850 164923
5040 1608.2 5278 167622 3080 1758 37842 130408
5048 1580.87 6498 228401 2228 4119 28632 202093
5040 1608.2 5484 176712 1820 1815 27540 150216
5048 1580.87 7867 255920 2801 2635 73636 180065
5040 1608.2 3175 312342 292 2835 22798 286247
5048 1580.87 7718 236722 2642 5232 41083 194880
5040 1608.2 5006 186431 1022 3083 26643 158597
5048 1580.87 6352 212793 1629 3559 35750 177148
5040 1608.2 3856 112459 750 2431 33801 77730
5048 1580.87 4424 132770 483 2936 32182 102191
5040 1608.2 8223 247688 1772 4874 53300 193173
5048 1580.87 8121 299459 2535 5282 52136 247143
5040 1608.2 3196 199026 11 2712 31631 164573
5048 1580.87 4542 233769 1478 2863 28555 200887
5040 1608.2 6444 217431 1665 4305 19937 198245
5048 1580.87 5778 222041 2371 3312 38755 182291
5040 1608.2 4608 210591 352 4155 34097 172787
5048 1580.87 7560 206925 965 3636 51802 154086
5040 1608.2 3141 191596 1162 1934 28999 160143
5048 1580.87 5390 177790 4 3232 23533 153202
5040 1608.2 4673 139047 448 2117 20415 115751
5048 1580.87 2816 112758 725 2080 18922 93754
5040 1608.2 5248 223992 740 2996 47223 175680
5048 1580.87 6107 256359 2090 3820 34198 220042
5040 1608.2 3761 216956 1712 2180 63722 155101
5048 1580.87 4669 191731 1397 2909 34167 158734
5040 1608.2 3712 205038 783 2882 28070 176783
5048 1580.87 3971 190455 1633 2276 38162 150862
#station_id r_mc scin_hg_tot_sig wcd_hg_tot_sig scin_hg_em_sig scin_hg_mu_sig wcd_hg_em_sig wcd_hg_mu_sig
5040 1608.2 3926 258983 533 3083 29762 227723
5048 1580.87 8442 232059 1191 6397 23544 205588
5040 1608.2 5604 161176 634 3785 30947 128042
5048 1580.87 4877 241335 1504 3027 37100 201267
5040 1608.2 5382 198571 1886 3368 36344 162543
5048 1580.87 5512 274851 1201 3462 27927 245732
5040 1608.2 4809 207117 926 3537 32178 173858
5048 1580.87 7759 268125 951 5449 50308 215764
5040 1608.2 7045 191211 1473 2573 29865 160125
5048 1580.87 6458 206934 653 4092 52607 154298
5040 1608.2 3411 178322 1074 2190 25476 150149
5048 1580.87 4023 260459 1515 2524 49247 210135
5040 1608.2 6078 199055 872 3910 26838 171395
5048 1580.87 5794 205750 3144 2437 36012 168231
5040 1608.2 10091 261111 872 8325 46945 217478
5048 1580.87 6798 286495 1095 3510 30227 258594
5040 1608.2 2674 169923 1018 1695 41525 127523
5048 1580.87 5068 183409 1533 2968 41980 140865
5040 1608.2 5452 121982 1069 1786 36838 83935
5048 1580.87 6796 158639 1197 1648 29801 128986
5040 1608.2 5427 209189 1049 3862 40298 167200
5048 1580.87 7862 220873 798 2757 40611 181886
5040 1608.2 6683 273808 294 6578 41785 232263
5048 1580.87 6988 275773 360 5843 35735 241726
5040 1608.2 4831 209057 896 3921 49907 154906
5048 1580.87 1927 222225 619 1298 20901 201854
5040 1608.2 5492 163427 2125 2245 32787 130308
5048 1580.87 6861 218612 3284 3106 26849 191692
5040 1608.2 6248 242311 2359 2574 26809 208850
5048 1580.87 7636 230931 3703 3990 38975 192618
5040 1608.2 4517 281064 1484 3103 47811 232412
5048 1580.87 5811 281016 1790 3836 49644 227248
5040 1608.2 3666 173553 1540 2144 36694 133154
5048 1580.87 3832 188216 251 3531 39928 146449
5040 1608.2 4658 243223 1137 2644 44265 194420
5048 1580.87 5682 232350 1306 4387 58339 173131
5040 1608.2 6927 65007 2788 3287 19587 45157
5048 1580.87 3942 128857 1912 1555 24557 104797
5040 1608.2 6261 194704 514 4204 31752 163673
5048 1580.87 8627 243611 921 4298 28190 214936
5040 1608.2 5347 188089 2627 1727 38780 149097
5048 1580.87 5692 162271 2162 3488 23196 137066
5040 1608.2 9218 242114 2848 6003 35477 209845
5048 1580.87 5657 194288 30 4945 19947 173937
5040 1608.2 6458 245148 1473 3651 57290 183576
5048 1580.87 7281 287314 1784 4458 64354 222939
5040 1608.2 4751 171662 19 3953 16729 152788
5048 1580.87 4491 143087 1808 2796 26207 115692
5040 1608.2 6289 154224 2193 3620 32598 121217
5048 1580.87 5817 209850 640 3091 42401 165855
5040 1608.2 4125 204647 1048 2352 36987 168378
5048 1580.87 5908 264338 2187 2780 52206 213585
5040 1608.2 7798 252585 571 5659 43238 209174
5048 1580.87 4627 236096 1910 2144 52430 182069
5040 1608.2 4121 220976 1012 3084 52430 167970
5048 1580.87 8534 221942 3633 4194 45554 176550
5040 1608.2 9973 266346 3608 6399 46591 219983
5048 1580.87 5750 224169 1170 4554 64821 158689
5040 1608.2 7609 225562 1346 4844 34238 189534
5048 1580.87 7373 234738 1503 5878 41954 193546
5040 1608.2 7740 226081 3564 2169 44561 179946
5048 1580.87 4737 209585 1524 3027 53231 156500
5040 1608.2 6304 189352 1828 2363 30885 158458
5048 1580.87 5808 184377 2192 3659 31048 148654
5040 1608.2 5938 237407 488 5037 35138 200086
5048 1580.87 4158 230949 580 3090 34248 196169
5040 1608.2 4821 174294 1237 3696 16774 156270
5048 1580.87 4566 208499 1248 3320 24684 184129
5040 1608.2 3547 173023 385 2702 25154 147199
5048 1580.87 6516 203431 2482 3977 60280 142645
5040 1608.2 4958 191887 1897 2498 21451 170760
5048 1580.87 6053 222947 2185 2456 48427 176156
5040 1608.2 8170 247546 1981 4201 21503 224903
5048 1580.87 7796 271714 2630 5061 29728 238281
5040 1608.2 3072 118742 1177 1561 26022 94306
5048 1580.87 3602 168087 118 2405 29197 134966
5040 1608.2 5142 205794 1597 3448 60795 142616
5048 1580.87 5843 178562 1042 3715 45988 130949
5040 1608.2 8043 154238 3528 2123 35143 119079
5048 1580.87 2065 124721 1279 761 25571 99301
5040 1608.2 6055 239278 501 3864 28090 209354
5048 1580.87 4036 205900 662 2804 45163 161409
5040 1608.2 6293 278429 282 4303 38288 236192
5048 1580.87 8733 311386 1518 7053 42314 265360
5040 1608.2 9830 242896 3228 5417 29179 211538
5048 1580.87 10156 241982 3356 3083 57102 182791
5040 1608.2 5826 249699 347 3912 38765 210927
5048 1580.87 1834 216788 261 1403 20814 198509
5040 1608.2 7252 253514 516 5943 43521 208289
5048 1580.87 8052 217295 836 3166 21470 197457
5040 1608.2 3292 169217 950 2288 40506 130370
5048 1580.87 2923 130511 261 1610 20811 108034
5040 1608.2 7676 207827 2870 4637 40933 163910
5048 1580.87 5640 242166 1196 3816 35310 203112
5040 1608.2 2205 262314 333 1897 24574 237405
5048 1580.87 5054 213096 1460 3769 49204 161802
5040 1608.2 5278 221463 1560 3799 56858 161847
5048 1580.87 3465 263651 769 2636 68337 195326
5040 1608.2 7814 182087 171 6265 38726 143327
5048 1580.87 3887 178584 851 3043 29568 148698
5040 1608.2 4763 226343 1152 3512 35291 189718
5048 1580.87 5945 234182 758 2735 43504 187460
5040 1608.2 5919 171580 968 4469 26741 145556
5048 1580.87 5084 260422 591 3380 51295 208009
5040 1608.2 6490 245624 1096 5268 41565 201803
5048 1580.87 7401 298247 3481 3891 47783 248858
5040 1608.2 9034 243412 1153 5959 47526 197893
5048 1580.87 5794 205992 3043 2877 34058 174015
5040 1608.2 1444 78881 666 786 27772 51356
5048 1580.87 1419 90641 286 1148 23253 65186
5040 1608.2 4572 320600 283 4316 38225 281394
5048 1580.87 6427 300454 187 6066 45956 253940
5040 1608.2 4349 227719 895 3462 26274 196895
5048 1580.87 3569 232776 373 3258 49558 183652
5040 1608.2 7262 258235 2633 4513 32992 223126
5048 1580.87 7885 268192 855 4196 51780 213165
5040 1608.2 7630 215089 1093 6095 29761 183905
5048 1580.87 1978 203223 462 1465 46145 156277
5040 1608.2 6249 185001 895 4832 32831 151481
5048 1580.87 5406 160669 743 4531 28485 132295
5040 1608.2 7547 251462 604 5541 39103 208600
5048 1580.87 5864 262170 1074 4964 73325 191388
5040 1608.2 3085 187912 148 2153 40152 146851
5048 1580.87 5115 238476 570 4824 22073 216498
5040 1608.2 5511 191920 778 4559 46549 145776
5048 1580.87 6034 289433 764 3864 40081 249635
5040 1608.2 8854 255888 501 5904 38668 218376
5048 1580.87 3501 250539 802 2828 52215 197249
5040 1608.2 4509 189598 1197 3292 41578 147744
5048 1580.87 6705 270944 1431 3626 43212 228418
5040 1608.2 5287 117907 9 2319 18203 98540
5048 1580.87 4727 120648 652 1542 22860 97192
5040 1608.2 2958 93604 662 2368 16056 77693
5048 1580.87 1223 100815 277 0 36061 65169
5040 1608.2 3598 104890 1079 1636 25985 78860
5048 1580.87 5170 109692 645 1359 28801 79179
5040 1608.2 4358 177981 134 4136 34351 140835
5048 1580.87 3156 154087 488 2017 22448 130958
5040 1608.2 5094 321768 1407 3741 77720 243673
5048 1580.87 8529 195422 2583 3584 29708 164356
5040 1608.2 8761 246152 1227 6724 32033 214628
5048 1580.87 7981 216268 645 4901 37693 178266
5040 1608.2 4523 183015 1147 2801 50197 131205
5048 1580.87 3978 231849 253 3690 22357 206725
5040 1608.2 4813 161454 1347 3544 37870 120995
5048 1580.87 7011 277564 2074 4824 50607 226019
5040 1608.2 8957 248705 1586 4861 40506 203558
5048 1580.87 4810 140114 598 1678 27334 111163
5040 1608.2 6155 189280 1827 3692 34855 153709
5048 1580.87 3485 240090 759 2572 44601 193023
5040 1608.2 3077 219874 793 2166 31037 186811
5048 1580.87 4068 248692 187 3906 54574 188903
5040 1608.2 5953 255225 513 5081 35045 219217
5048 1580.87 8534 231427 430 8123 40934 186870
5040 1608.2 5565 228239 110 4953 31966 195295
5048 1580.87 5913 205661 1132 4263 39954 167039
5040 1608.2 6022 107894 480 1673 15163 91784
5048 1580.87 3054 131593 949 2064 44176 87862
5040 1608.2 3907 247487 300 3625 29018 217988
5048 1580.87 8346 239670 1532 6626 38168 201731
5040 1608.2 3104 158979 454 2028 21640 135937
5048 1580.87 4641 186041 269 3140 44795 140694
5040 1608.2 5561 200095 1354 4274 33461 164822
5048 1580.87 7781 268067 1593 6083 46187 223772
5040 1608.2 4038 164646 900 2560 37174 128248
5048 1580.87 5161 153567 1857 2579 35539 119400
5040 1608.2 7055 267254 3688 3008 38382 228249
5048 1580.87 8048 193075 1692 2656 41427 149717
5040 1608.2 7274 221322 2200 3725 34397 185925
5048 1580.87 6290 280048 950 3862 36523 243341
5040 1608.2 4834 245356 1371 3277 26034 216806
5048 1580.87 5888 209278 613 3631 38861 171788
5040 1608.2 4278 190174 469 3700 38850 151585
5048 1580.87 9070 221021 865 4802 60601 161743
5040 1608.2 5755 123232 1948 3526 32666 89159
5048 1580.87 5385 178893 523 3612 24913 153177
5040 1608.2 7273 236326 1762 4747 36567 198564
5048 1580.87 6365 200347 1999 4097 31610 165484
5040 1608.2 4360 212280 643 3492 27009 184486
5048 1580.87 4327 249904 307 3659 43822 204139
5040 1608.2 4683 114247 1085 3485 36858 77880
5048 1580.87 2927 132172 768 2077 15654 115872
5040 1608.2 4257 177328 473 3821 49178 129638
5048 1580.87 3807 233476 203 2324 35486 198653
5048 1580.87 4255 226361 948 3289 24214 202305
5040 1608.2 4097 182405 1097 2912 24060 157372
5040 1608.2 1785 89349 400 1319 18354 71267
5048 1580.87 3137 102571 648 1859 14017 90522
5040 1608.2 4502 213857 661 3923 26028 185305
5048 1580.87 8628 204106 3277 5083 33892 170082
5040 1608.2 2516 139101 310 2157 18413 121329
5048 1580.87 4510 99019 1300 2994 18914 80793
