#station_id r_mc scin_hg_tot_sig wcd_hg_tot_sig scin_hg_em_sig scin_hg_mu_sig wcd_hg_em_sig wcd_hg_mu_sig
5040 994.511 1531 61674 1157 327 34432 27371
5048 1016.81 1368 47155 1335 0 33361 12634
5040 994.511 1698 61191 1701 0 37488 20984
5048 1016.81 1523 55292 853 656 33663 22883
5040 994.511 2087 62751 1002 455 36592 26330
5048 1016.81 1026 39510 614 378 22565 16726
5040 994.511 3069 72188 2030 712 29839 41348
5048 1016.81 2192 51295 1212 892 32740 18486
5040 994.511 1526 29717 1241 441 17296 12176
5048 1016.81 872 37699 850 0 19390 17690
5040 994.511 1833 49634 1409 418 33530 16731
5048 1016.81 349 31514 291 0 30771 759
5040 994.511 2024 54035 1309 0 39091 14207
5048 1016.81 864 30644 520 385 17981 10943
5040 994.511 3178 53755 2679 168 40705 13736
5048 1016.81 1458 52991 1021 419 36139 16100
5040 994.511 1987 69967 1582 493 37054 32534
5048 1016.81 3117 42899 3082 93 28563 15104
5040 994.511 1526 54593 575 887 32521 22621
5048 1016.81 2982 53390 2532 450 33361 21511
5040 994.511 2071 52116 1166 778 34984 18179
5048 1016.81 1458 70662 843 410 43302 27310
5040 994.511 2949 41303 2199 315 30679 10405
5048 1016.81 1239 51088 1010 208 33692 16401
5040 994.511 1506 68822 1286 213 49982 18843
5048 1016.81 1579 56014 689 841 42425 13070
5040 994.511 1776 61348 997 660 28925 32970
5048 1016.81 1019 32317 930 188 25713 5703
5040 994.511 1379 57919 1113 220 32436 24404
5048 1016.81 306 39715 268 0 28133 10335
5040 994.511 2220 50736 1130 0 32731 17804
5048 1016.81 688 43452 630 0 18498 23825
5040 994.511 2052 71463 1255 827 59700 11427
5048 1016.81 1842 51769 1124 538 38129 13208
5040 994.511 2338 36888 1763 368 18387 18214
5048 1016.81 1252 36645 1068 221 35829 1250
5040 994.511 1698 66156 1519 199 39886 25779
5048 1016.81 1715 43231 1615 132 31938 11028
5040 994.511 4650 42714 1986 341 26702 15969
5048 1016.81 1031 39340 764 332 25934 12596
5040 994.511 3031 73167 2044 165 45034 28841
5048 1016.81 1984 43154 1356 577 24399 19020
5040 994.511 2578 38664 2158 424 22916 15802
5048 1016.81 827 29967 553 244 21419 7735
5040 994.511 1969 57396 1072 836 18668 37154
5048 1016.81 1163 35535 696 443 19773 15859
5040 994.511 2764 50530 2189 688 38592 13263
5048 1016.81 3717 57102 1732 755 25278 32107
5040 994.511 1071 47376 1047 0 37807 8856
5048 1016.81 1219 49005 1087 137 27384 20911
5040 994.511 2899 70332 2398 381 30569 39455
5048 1016.81 2569 52821 1978 731 28101 24477
5048 1016.81 793 43241 584 202 35566 7289
5040 994.511 2509 34464 1989 442 22718 11897
5040 994.511 1835 40412 1370 383 24869 15133
5048 1016.81 1205 41906 977 173 41601 1124
5040 994.511 1479 61736 1050 400 43344 17252
5048 1016.81 1273 45339 883 429 20694 26060
5040 994.511 1270 52427 994 0 26451 25295
5048 1016.81 1833 37308 1012 380 30989 6329
5040 994.511 1876 56510 1443 145 31983 23257
5048 1016.81 1717 45613 1487 200 29113 17323
5040 994.511 3261 82467 2733 460 46537 35704
5048 1016.81 1321 56169 901 320 33804 22367
5040 994.511 866 34142 734 120 19157 14337
5048 1016.81 1449 44296 556 581 21023 21450
5040 994.511 1055 38717 518 451 29599 8495
5048 1016.81 849 49091 497 0 21175 28134
5040 994.511 2471 59266 2112 335 24018 34893
5048 1016.81 2723 50206 1896 519 29887 19664
5040 994.511 2364 51840 1941 411 43706 6978
5048 1016.81 1321 34059 1058 190 27093 5568
5040 994.511 2174 70200 1450 643 28962 40796
5048 1016.81 2747 52068 2112 520 37459 14087
5040 994.511 2269 74537 1686 506 36956 36002
5048 1016.81 976 57062 726 177 30214 27133
5040 994.511 3209 63242 1926 1087 41286 21746
5048 1016.81 1912 89643 1087 811 48168 39253
5040 994.511 2992 48090 1320 798 29659 18299
5048 1016.81 1637 43531 1092 491 28541 13870
5040 994.511 1106 51028 1142 0 34525 16889
5048 1016.81 3707 58857 2209 1364 28129 30634
5040 994.511 733 45717 492 137 35025 11007
5048 1016.81 2049 38265 1339 617 24794 11681
5040 994.511 1517 38136 690 769 14858 22931
5048 1016.81 835 17748 510 278 12159 5002
5040 994.511 1858 46133 1123 598 37651 8442
5048 1016.81 1961 49302 1239 523 28041 20355
5040 994.511 1538 64901 995 477 32111 32568
5048 1016.81 2719 36330 2162 233 30723 5168
5048 1016.81 2587 63140 2043 525 26382 35489
5040 994.511 2522 91397 1021 1442 47076 44023
5040 994.511 2063 69027 1765 175 41865 27246
5048 1016.81 1070 55962 986 0 33977 19827
5040 994.511 2399 56548 961 1328 27880 27878
5048 1016.81 1804 33601 1343 503 23272 10672
5040 994.511 2834 38706 2243 0 21353 16927
5048 1016.81 397 60565 205 159 33660 24246
5040 994.511 3515 53923 1035 2731 34945 17890
5048 1016.81 3146 61562 1923 686 36347 23466
5040 994.511 3788 44181 3170 642 15869 29125
5048 1016.81 3382 28717 849 1657 15980 13077
5040 994.511 3268 55591 2736 522 39791 15499
5048 1016.81 2615 65446 1485 1207 24527 41563
5040 994.511 1269 78361 512 709 45115 31685
5048 1016.81 1675 60200 1178 461 27139 31878
5040 994.511 2010 41861 1388 0 30261 11188
5048 1016.81 1302 42558 944 344 28258 13829
5040 994.511 2604 70247 773 1257 35457 34821
5048 1016.81 2861 59871 1111 490 36003 23154
5040 994.511 2903 58794 1825 1008 26649 32522
5048 1016.81 2481 34428 1916 509 25130 8679
5040 994.511 1918 51483 1299 515 39606 13399
5048 1016.81 1982 42349 1745 152 33047 9820
5040 994.511 2085 59177 1076 970 35071 23696
5048 1016.81 841 54797 372 470 22126 31887
5040 994.511 1401 48296 1160 241 31395 17770
5048 1016.81 1108 40159 967 153 25033 15161
5040 994.511 1600 53905 1202 357 37883 14538
5048 1016.81 1627 47662 1403 145 27384 18768
5040 994.511 3811 55484 3489 231 50148 5271
5048 1016.81 1941 44050 1568 306 26113 18024
5040 994.511 2440 57198 1597 859 23325 33957
5048 1016.81 421 21476 404 0 21975 0
5040 994.511 3319 54858 2675 545 23476 30904
5048 1016.81 2904 81454 1796 1031 44078 38587
5040 994.511 2541 58870 1858 683 31929 25077
5048 1016.81 1928 48963 1825 190 31031 17733
5040 994.511 3552 70178 2246 1173 39404 29382
5048 1016.81 3399 43668 2228 1055 25534 16354
5040 994.511 3515 72100 2770 476 45756 26250
5048 1016.81 2006 57822 1429 511 34458 23751
5040 994.511 4496 46607 3799 428 39476 6599
5048 1016.81 1569 48668 1346 329 31433 18304
5040 994.511 1360 66925 918 438 32411 33453
5048 1016.81 2841 46989 1776 1123 20820 25537
5040 994.511 5440 39004 2556 1145 32282 5676
5048 1016.81 2112 37440 1957 132 30190 7616
5040 994.511 3214 52116 1596 1414 32939 18869
5048 1016.81 2363 44537 1733 551 35065 9321
5040 994.511 826 24987 686 148 18478 6045
5048 1016.81 116 31223 109 0 18581 12002
5040 994.511 1569 68331 1046 511 33125 36625
5048 1016.81 1479 28338 1206 292 19182 9564
5040 994.511 994 45589 801 208 26844 17839
5048 1016.81 5239 38001 2528 712 18314 20041
5040 994.511 1212 60469 812 405 33374 25605
5048 1016.81 785 42062 172 454 28203 14253
5040 994.511 2258 63396 1623 685 46805 16608
5048 1016.81 1480 62820 901 459 37423 24322
5040 994.511 3659 65571 2559 1078 41377 23128
5048 1016.81 2169 61977 1528 609 32268 30053
5040 994.511 1359 66490 1119 200 48595 17993
5048 1016.81 1984 63761 1357 585 32506 29693
5040 994.511 1940 67030 1137 829 49049 17462
5048 1016.81 3186 52995 2101 907 39695 11315
5040 994.511 1392 56564 732 645 31009 26226
5048 1016.81 2790 38489 1545 0 32131 6115
5040 994.511 2351 42572 2090 214 30825 10514
5048 1016.81 2057 30660 1701 262 25436 4686
5040 994.511 3839 45624 3158 633 21910 22266
5048 1016.81 2146 32704 2203 0 17195 13920
5040 994.511 1096 38441 712 0 24376 13482
5048 1016.81 980 47075 780 177 24136 21717
5040 994.511 1057 55903 742 0 38536 17021
5048 1016.81 1647 42080 1605 0 28470 13209
5040 994.511 2420 78911 1441 873 56175 21490
5048 1016.81 1246 33406 823 469 26616 6085
5040 994.511 715 52509 532 164 36619 15267
5048 1016.81 2381 43419 1574 750 26916 15716
5040 994.511 1666 53209 1154 521 30151 25071
5048 1016.81 1321 42866 876 320 21623 19419
5040 994.511 1168 26049 1139 0 24767 1529
5048 1016.81 1924 28735 1467 270 21610 6371
5040 994.511 1211 54348 872 336 40104 13982
5048 1016.81 1237 45896 965 178 29969 15154
5040 994.511 2171 63643 1904 187 35230 29696
5048 1016.81 681 43324 597 0 37162 5869
5040 994.511 1385 48820 1102 345 28053 21575
5048 1016.81 1689 31132 1696 0 31366 429
5040 994.511 2446 45975 2105 341 30757 14786
5048 1016.81 1373 49730 950 445 36696 11876
5040 994.511 3055 62642 2301 694 33181 29053
5048 1016.81 3017 63442 1916 1083 36799 26124
5040 994.511 3815 74478 3470 313 34633 40873
5048 1016.81 1717 48135 1612 134 27689 21227
5040 994.511 2223 61196 803 358 34014 27272
5048 1016.81 2025 57725 1153 288 28684 28921
5040 994.511 2503 42766 1906 0 32704 9091
5048 1016.81 1326 36043 1083 268 25274 9029
5040 994.511 2429 74597 1026 1352 38139 37310
5048 1016.81 2964 50541 2372 467 34448 14892
5040 994.511 1147 50103 1028 0 36414 13292
5048 1016.81 1524 50674 1576 0 33849 17097
5040 994.511 3654 61168 3275 416 39442 21626
5048 1016.81 2627 78846 2080 174 39863 37934
5040 994.511 2129 56672 2089 0 46444 10371
5048 1016.81 3782 42477 3737 0 39208 2852
5040 994.511 1491 50788 910 568 31210 17883
5048 1016.81 2779 78257 1521 1255 33013 44514
5040 994.511 1657 73454 1487 230 44396 26309
5048 1016.81 2001 43989 1920 0 38636 5214
5040 994.511 1582 52546 1194 231 38864 14555
5048 1016.81 2183 61675 1504 660 32682 27953
5040 994.511 3162 67154 1924 1249 33863 32318
5048 1016.81 1628 61321 1160 397 41814 18608
5040 994.511 1108 43731 915 223 27010 17297
5048 1016.81 1218 33437 418 799 19572 13556
5040 994.511 1096 46138 1098 0 32751 12665
5048 1016.81 4211 41815 2829 1311 23849 17593
5040 994.511 3028 70566 2097 787 36514 33098
5048 1016.81 813 34821 753 0 23185 11498
5040 994.511 841 46318 448 331 32944 13671
5048 1016.81 1251 49432 876 355 26774 22022
5040 994.511 1517 41142 612 878 21821 18957
5048 1016.81 1627 59939 1381 232 32027 27840
5040 994.511 1406 41256 1204 232 28042 13238
5048 1016.81 1366 30751 934 0 26365 3289
5040 994.511 5242 57861 4230 748 29151 28225
5048 1016.81 1904 51528 1479 434 33282 17362
#station_id r_mc scin_hg_tot_sig wcd_hg_tot_sig scin_hg_em_sig scin_hg_mu_sig wcd_hg_em_sig wcd_hg_mu_sig
5040 994.511 1891 42847 1173 646 27572 15756
5048 1016.81 1097 54569 774 310 35627 17801
5040 994.511 2321 28112 1912 239 24418 3544
5048 1016.81 1433 24744 797 271 22606 2198
5040 994.511 2940 77352 1704 1236 30972 45085
5048 1016.81 2189 49136 2010 163 34491 14831
5040 994.511 2524 42080 2413 0 30744 10629
5048 1016.81 1323 67654 784 558 35540 31976
5040 994.511 1226 33346 1241 0 22044 11418
5048 1016.81 1138 61536 695 342 33076 28239
5040 994.511 1926 35379 1755 113 29399 5593
5048 1016.81 1426 51783 992 470 20307 30313
5040 994.511 1346 46098 608 0 32991 13131
5048 1016.81 3272 60968 2659 540 34647 25868
5040 994.511 2363 81796 1844 459 45793 35112
5048 1016.81 727 47561 194 523 32380 15242
5040 994.511 2394 68376 1095 1088 35889 31610
5048 1016.81 2359 46320 1949 283 29769 15381
5040 994.511 1749 36439 872 816 22611 12490
5048 1016.81 1185 46627 833 352 25020 20432
5040 994.511 3253 43584 1963 238 29669 14436
5048 1016.81 1564 66143 797 642 44601 22105
5040 994.511 769 46012 813 0 32212 13065
5048 1016.81 1436 61949 1436 0 40465 20620
5040 994.511 1995 54703 821 788 36142 18461
5048 1016.81 1526 37344 1011 453 20211 15887
5040 994.511 1829 50199 1170 544 31914 18248
5048 1016.81 1869 81240 1645 139 39577 40697
5040 994.511 1022 51314 578 412 34698 16497
5048 1016.81 2385 66594 1884 473 31606 34354
5040 994.511 3573 67791 1358 412 39305 28953
5048 1016.81 657 30864 455 120 29703 0
5040 994.511 1669 57150 1234 365 35280 22132
5048 1016.81 1305 54317 829 383 26271 27773
5040 994.511 960 49560 631 321 23558 26293
5048 1016.81 1955 45901 1282 714 30423 16432
5040 994.511 3448 96599 2365 964 55094 40943
5048 1016.81 1390 69913 580 629 34641 33329
5040 994.511 1091 89634 929 193 49033 39323
5048 1016.81 1228 70363 808 388 40368 29968
5040 994.511 1876 57301 1309 486 40442 16167
5048 1016.81 3291 61376 2506 774 22824 37341
5040 994.511 1289 46522 760 575 29485 16550
5048 1016.81 1031 50132 641 410 30095 20392
5040 994.511 2906 62954 1693 1260 48653 15058
5048 1016.81 2542 45347 2173 396 24722 20967
5040 994.511 3328 77378 2775 571 35711 41447
5048 1016.81 2031 68519 1129 802 30101 38736
5040 994.511 829 47707 653 165 35527 12486
5048 1016.81 2389 54017 2214 216 42843 10093
5040 994.511 1687 48479 1388 327 25211 23105
5048 1016.81 2139 40839 1764 391 21891 19539
5040 994.511 1182 39541 1135 0 24906 14272
5048 1016.81 631 44903 609 0 33657 10050
5040 994.511 3619 82457 1571 1919 49329 32682
5048 1016.81 2565 48449 1877 714 30604 16484
5040 994.511 135 25232 11 55 23552 1054
5048 1016.81 2122 52144 1308 859 22595 30594
5040 994.511 2132 54444 1462 787 32278 20366
5048 1016.81 1342 51939 1286 0 40783 10595
5040 994.511 1369 44687 623 676 30110 13085
5048 1016.81 534 44775 349 184 35108 9000
5040 994.511 2031 37114 1771 138 30451 6335
5048 1016.81 647 40877 297 352 20149 19214
5040 994.511 487 52613 463 0 41906 11452
5048 1016.81 3461 52372 2829 411 25349 26229
5040 994.511 2294 79926 1743 453 36414 42694
5048 1016.81 1243 54117 745 456 25136 30946
5040 994.511 1610 84082 1224 302 50461 31532
5048 1016.81 2089 62710 1849 182 42950 20167
5040 994.511 2665 50882 2256 509 36592 14399
5048 1016.81 1393 53424 1502 0 41214 11022
5040 994.511 1381 55749 1104 172 35960 19178
5048 1016.81 2599 73294 2174 373 55804 18685
5040 994.511 1667 47969 1617 0 28874 17780
5048 1016.81 1890 45348 1846 0 26570 18889
5040 994.511 2285 56542 1213 0 25650 29902
5048 1016.81 3080 40127 2518 0 40489 0
5040 994.511 1591 55366 1570 0 26576 29066
5048 1016.81 1014 48701 1012 0 20977 27860
5040 994.511 3368 41737 2010 229 27253 15378
5048 1016.81 200 36133 152 0 31554 5127
5040 994.511 3277 71591 1836 1224 53680 19783
5048 1016.81 3121 60441 2609 373 41013 18238
5040 994.511 3283 46755 3118 228 29589 16854
5048 1016.81 1692 79476 1251 373 40249 37650
5040 994.511 2477 49729 1691 185 34154 15573
5048 1016.81 2661 59029 1894 676 33559 23626
5040 994.511 1359 60103 1108 151 38407 19952
5048 1016.81 2864 78600 2462 359 52091 25283
5040 994.511 2797 44560 2501 305 31629 13516
5048 1016.81 1209 51777 453 803 32517 21448
5040 994.511 1794 52862 1426 319 27131 24321
5048 1016.81 3409 46291 2261 885 32868 12852
5040 994.511 2709 44053 1171 116 32738 11801
5048 1016.81 2313 57316 1089 416 32119 24764
5040 994.511 1726 40521 1423 197 24633 16163
5048 1016.81 2469 42065 1806 700 22648 19365
5040 994.511 1204 35019 1218 0 27254 6599
5048 1016.81 1727 36099 1704 0 24999 11406
5040 994.511 1909 45885 1651 212 25823 20197
5048 1016.81 1065 29138 930 0 29389 0
5040 994.511 1025 72914 563 476 48887 21769
5048 1016.81 1542 29539 1589 0 30143 0
5040 994.511 1767 48774 1418 244 34344 15120
5048 1016.81 1707 67006 821 722 32973 33898
5040 994.511 2384 56983 1613 821 33111 23733
5048 1016.81 2112 57057 1278 809 29630 26123
5040 994.511 2621 54966 2244 390 32803 21583
5048 1016.81 880 55274 848 0 28699 26968
5040 994.511 1597 82808 1092 510 36552 46552
5048 1016.81 1416 49557 1119 230 28706 20638
5040 994.511 1362 54586 1250 0 34887 18370
5048 1016.81 1614 37147 1376 104 22509 15660
5040 994.511 2619 69422 2122 524 38655 31643
5048 1016.81 3311 68936 2714 519 32902 36634
5040 994.511 1370 50821 913 456 29950 20992
5048 1016.81 1194 42001 609 481 22800 18417
5040 994.511 1764 34078 1371 202 30265 3976
5048 1016.81 1536 44462 1350 134 29251 14311
5040 994.511 1356 39782 849 541 21415 18194
5048 1016.81 1316 43519 1315 0 25202 18445
5040 994.511 1593 73691 832 702 36034 37164
5048 1016.81 2231 39485 1763 495 19872 18582
5040 994.511 1894 75652 1425 394 24470 48787
5048 1016.81 1337 38675 1097 135 30517 8366
5040 994.511 2614 60640 2228 348 34188 25459
5048 1016.81 1842 53851 529 924 30475 22159
5040 994.511 1574 77203 512 1056 46429 30000
5048 1016.81 1639 44798 994 271 33127 11187
5040 994.511 528 35354 384 91 24263 9697
5048 1016.81 1108 47693 699 221 32165 16025
5040 994.511 984 43338 580 319 26228 17489
5048 1016.81 1368 50382 1190 79 28753 21709
5040 994.511 2007 64514 1808 169 31782 31908
5048 1016.81 2616 75053 1527 1091 42632 33850
5040 994.511 2272 37259 2095 161 24982 11837
5048 1016.81 3139 58468 2066 1075 35391 22978
5040 994.511 2788 54895 2112 550 19436 34151
5048 1016.81 1578 70681 547 967 30359 38414
5040 994.511 1623 62099 772 793 27134 34921
5048 1016.81 2131 54044 1946 174 32435 20925
5040 994.511 2062 57820 1586 457 36884 21007
5048 1016.81 2392 47129 2018 384 30392 15406
5040 994.511 1715 64012 1721 0 57248 6190
5048 1016.81 868 69686 754 68 52729 16203
5040 994.511 1018 61204 310 659 26991 34964
5048 1016.81 2289 60047 1500 814 26258 32020
5040 994.511 1748 66816 1518 135 39859 25828
5048 1016.81 3122 51273 1530 781 21405 29836
5040 994.511 2445 68130 1551 682 26178 40617
5048 1016.81 1183 68378 801 455 37901 30495
5040 994.511 2557 46204 1542 136 23722 20839
5048 1016.81 1839 41741 1525 130 31904 10388
5040 994.511 1710 50433 1167 602 26130 24863
5048 1016.81 1866 63755 1103 720 32895 31222
5040 994.511 2762 56248 1784 890 31055 24849
5048 1016.81 1685 47099 1489 219 25802 20375
5040 994.511 1112 59398 742 341 45336 13271
5048 1016.81 2078 47296 1738 192 33470 12752
5040 994.511 1081 36629 959 155 25519 11637
5048 1016.81 1293 35062 1167 141 21486 12969
5040 994.511 2460 37117 1839 131 26997 9358
5048 1016.81 3396 60253 1686 1381 31495 28548
5040 994.511 1296 47024 943 306 34783 12185
5048 1016.81 2480 55836 1578 804 31968 22216
5040 994.511 2618 75021 962 755 34263 39163
5048 1016.81 1354 43030 1146 250 31740 11893
5040 994.511 2034 44939 1922 0 26212 18413
5048 1016.81 762 43848 672 0 26349 16982
5040 994.511 2227 54789 1306 1002 29946 24721
5048 1016.81 2357 28938 978 0 25121 3627
5040 994.511 2008 58632 1619 193 39497 18089
5048 1016.81 1404 37187 943 448 27700 9903
5040 994.511 833 64045 494 439 33952 29927
5048 1016.81 1112 41762 875 267 23080 17937
5040 994.511 796 38315 638 177 25193 12284
5048 1016.81 709 33365 766 0 25064 8136
5040 994.511 1610 59881 1151 445 32520 27022
5048 1016.81 2761 38396 1764 690 22251 16485
5040 994.511 1474 78759 1221 310 48331 29743
5048 1016.81 752 51072 729 0 40340 10616
5040 994.511 2115 64510 2199 0 38936 25945
5048 1016.81 2095 58581 1210 909 39663 17620
5040 994.511 2288 61092 1879 313 38634 21148
5048 1016.81 2450 76918 2040 318 35484 42257
5040 994.511 3259 19383 1937 674 12319 6109
5048 1016.81 889 38223 705 176 20126 16269
5040 994.511 3049 59800 1841 1339 32030 27123
5048 1016.81 1230 47629 1295 0 33865 13646
5040 994.511 1693 39070 1525 233 22570 15922
5048 1016.81 799 44045 349 427 25394 16207
5040 994.511 1536 50354 1311 171 29122 20498
5048 1016.81 985 48046 790 131 28828 18552
5040 994.511 3686 62317 3562 0 49735 11122
5048 1016.81 437 53305 444 0 42224 12845
5040 994.511 212 32930 202 0 12804 19830
5048 1016.81 683 13358 681 0 12386 0
5040 994.511 517 33021 320 161 20395 11523
5048 1016.81 1225 43177 1121 0 28363 14933
5040 994.511 811 29762 866 0 22835 5678
5048 1016.81 1951 36445 1966 0 29957 5422
5040 994.511 1660 78817 537 1166 39107 38314
5048 1016.81 1546 55985 1200 0 35128 20446
5040 994.511 1159 30894 1148 11 23075 7038
5048 1016.81 2364 38816 1394 135 21572 17761
5040 994.511 2071 44022 1149 844 34270 9180
5048 1016.81 659 39749 502 171 35088 4648
5040 994.511 1961 62045 1610 345 44464 17965
5048 1016.81 2110 43356 2154 0 39617 3172
5040 994.511 1322 49293 1141 170 34536 15238
5048 1016.81 2549 33278 2247 226 23852 8548
5040 994.511 1599 62865 1247 354 37579 26633
5048 1016.81 1291 82179 433 913 47583 36195
5040 994.511 1813 63801 1591 126 42734 20259
5048 1016.81 1221 36274 1085 201 24787 10825
5040 994.511 2022 46715 1849 115 30871 14581
5048 1016.81 3477 57946 2349 969 37883 19496
5040 994.511 2220 67181 1051 254 37590 30594
5048 1016.81 5378 51762 5212 183 32642 18423
5040 994.511 1710 63681 1513 193 41292 22373
5048 1016.81 1891 59211 406 1115 29705 28275
#station_id r_mc scin_hg_tot_sig wcd_hg_tot_sig scin_hg_em_sig scin_hg_mu_sig wcd_hg_em_sig wcd_hg_mu_sig
5040 994.511 2057 47286 2063 0 26396 21429
5048 1016.81 1731 42357 1169 453 33020 8794
5040 994.511 2662 47297 2644 0 33819 12536
5048 1016.81 746 48283 724 0 28885 17326
5040 994.511 2406 93417 1402 958 58112 34341
5048 1016.81 3499 58540 3051 395 37994 19256
5040 994.511 4491 92595 3515 833 44508 47898
5048 1016.81 1554 49703 1556 0 29828 19029
5040 994.511 3739 44664 2411 1357 26665 18098
5048 1016.81 1310 43869 865 390 29264 13920
5040 994.511 2107 66243 1626 520 33910 32083
5048 1016.81 3420 74247 2397 947 26925 46077
5040 994.511 3330 107956 2562 781 49030 58266
5048 1016.81 2690 71655 1311 871 30648 41562
5040 994.511 2795 72391 2519 226 39409 31670
5048 1016.81 2672 79853 2057 638 44143 35289
5040 994.511 1122 68291 744 379 34272 33791
5048 1016.81 1093 48427 1137 0 26231 21694
5040 994.511 2913 92126 1964 180 66696 25924
5048 1016.81 2529 56153 2459 0 36277 19032
5040 994.511 2007 66961 1674 227 42796 24124
5048 1016.81 1150 59248 679 432 37658 23007
5040 994.511 945 83738 802 201 36926 46359
5048 1016.81 1206 39411 1199 0 29542 11000
5040 994.511 2853 79174 2373 374 49706 28446
5048 1016.81 1251 31893 778 423 24730 6964
5040 994.511 5089 68162 3086 640 32088 35165
5048 1016.81 2141 56295 1609 455 39842 14071
5040 994.511 1714 51647 1574 218 27434 23496
5048 1016.81 2910 69874 1571 846 52341 19159
5040 994.511 1440 48899 1072 431 32813 15685
5048 1016.81 1545 53357 1266 202 36388 16962
5040 994.511 2299 40522 2355 0 33037 6298
5048 1016.81 5010 67441 1333 1292 29644 37915
5040 994.511 1688 53556 1401 223 39864 14184
5048 1016.81 2764 58479 2761 0 41115 16102
5040 994.511 3570 41184 3188 236 28792 12188
5048 1016.81 1456 39815 1013 377 31693 9005
5040 994.511 1570 54019 919 604 31762 20236
5048 1016.81 2823 23170 1399 671 14856 8096
5040 994.511 2516 56538 2297 154 49888 7576
5048 1016.81 2862 80224 2005 868 43775 36337
5040 994.511 2538 46042 1337 416 28988 17539
5048 1016.81 1249 33203 509 272 20067 11658
5040 994.511 1225 50388 1279 0 42680 9306
5048 1016.81 1158 46789 814 456 30861 15131
5040 994.511 1344 46565 1063 322 30492 15773
5048 1016.81 1226 70799 456 719 28546 41117
5040 994.511 2687 54801 2431 134 46777 6995
5048 1016.81 1530 42823 767 828 27715 15184
5040 994.511 3531 78652 3316 319 32396 45295
5048 1016.81 741 31145 330 369 18740 12584
5040 994.511 2623 62052 1526 1042 30407 31490
5048 1016.81 3665 66388 1811 1829 43508 24105
5040 994.511 2930 46206 941 0 30351 14390
5048 1016.81 3684 27867 2164 651 17049 10490
5040 994.511 1902 40019 1559 278 29519 9985
5048 1016.81 990 35239 684 189 22275 13004
5040 994.511 1329 44048 1061 219 39152 2926
5048 1016.81 2568 74403 1342 1278 40990 33025
5040 994.511 1310 21548 1060 141 17540 4346
5048 1016.81 1359 29846 1330 0 19969 11098
5040 994.511 2155 49898 1865 366 31730 18763
5048 1016.81 1516 30042 378 1097 20796 8815
5040 994.511 2524 57118 2290 173 36230 20023
5048 1016.81 2531 56759 1283 747 42909 12593
5040 994.511 1001 30515 814 158 18840 9693
5048 1016.81 5515 33932 2145 239 20672 13660
5040 994.511 1610 39164 1269 294 26962 11766
5048 1016.81 1834 45983 1410 106 26654 19434
5040 994.511 1534 73481 1062 591 36612 36660
5048 1016.81 2071 86480 1633 543 41230 43530
5040 994.511 1268 45246 1025 247 25196 19721
5048 1016.81 1323 43872 943 305 29670 13529
5040 994.511 1908 46936 1685 151 37478 9966
5048 1016.81 1793 57231 1670 111 41072 16077
5040 994.511 2349 46441 1941 208 30226 15706
5048 1016.81 1498 45844 1351 173 26985 19009
5040 994.511 1861 53571 1002 598 34081 20610
5048 1016.81 1324 58777 769 495 40507 17597
5040 994.511 1524 44424 1099 393 29720 13328
5048 1016.81 3158 63983 1504 1174 27917 34658
5040 994.511 2243 30032 1938 256 29902 0
5048 1016.81 1348 40190 264 1056 22350 17597
5040 994.511 1492 30256 1394 0 30309 0
5048 1016.81 825 29590 834 0 30423 150
5040 994.511 1996 38696 1717 178 21925 17600
5048 1016.81 1684 40111 516 0 40232 0
5040 994.511 1761 63379 1693 0 45660 17248
5048 1016.81 458 44040 307 110 33738 10467
5040 994.511 1864 56362 1384 0 36064 18066
5048 1016.81 769 31120 572 187 19140 11747
5040 994.511 1536 42931 1186 284 23793 18595
5048 1016.81 421 29591 368 0 19629 9701
5040 994.511 1754 57673 262 1522 25123 32591
5048 1016.81 2700 61718 2471 230 41412 21220
5040 994.511 1022 48193 933 0 33173 14365
5048 1016.81 3228 49796 2563 443 29374 20155
5040 994.511 697 33601 512 146 22728 10096
5048 1016.81 1976 33684 603 1099 21139 12149
5040 994.511 1259 59802 998 212 49968 9419
5048 1016.81 1213 52956 1212 0 29151 23154
5040 994.511 1427 35827 919 426 27597 8149
5048 1016.81 733 38581 646 0 33544 5015
5040 994.511 1732 49638 1660 0 35942 13396
5048 1016.81 2773 60340 2202 535 26740 33979
5040 994.511 3523 77162 1546 675 31767 43228
5048 1016.81 2198 60772 1591 589 27144 32627
5040 994.511 1818 35051 1826 0 29547 4892
5048 1016.81 651 39700 669 0 24234 16503
5040 994.511 2999 69644 1629 1199 36597 31907
5048 1016.81 2306 53255 1411 855 23761 27836
5040 994.511 1679 74550 652 0 31093 41620
5048 1016.81 2115 55018 1854 214 33251 20659
5040 994.511 1810 40976 1330 365 31158 10230
5048 1016.81 1985 33746 1914 230 20775 12614
5040 994.511 551 61491 436 0 45309 15261
5048 1016.81 2061 70121 1460 418 43817 25133
5040 994.511 3822 58600 2711 1110 39755 18947
5048 1016.81 2393 57311 1638 547 41212 16603
5040 994.511 687 55388 716 0 30320 25682
5048 1016.81 1744 63619 1564 160 55598 8318
5048 1016.81 616 67020 266 321 50246 17540
5040 994.511 1285 58727 170 996 41596 15594
5040 994.511 2746 80093 2488 137 54307 22443
5048 1016.81 1199 32757 1083 177 16211 16370
5040 994.511 2525 62526 1933 218 43036 20222
5048 1016.81 1397 55617 839 523 28550 27771
5048 1016.81 1364 71672 886 495 41128 29055
5040 994.511 2025 56744 1883 0 40589 15818
5040 994.511 3474 86034 2617 347 54037 30179
5048 1016.81 1017 49168 502 475 29224 19710
5040 994.511 1740 83494 784 907 40177 44115
5048 1016.81 2338 38820 2220 0 34585 4146
5040 994.511 1903 62109 1613 194 28324 34313
5048 1016.81 2653 55053 986 1226 25264 29794
5040 994.511 1978 35393 2080 0 31915 1955
5048 1016.81 1412 54746 954 485 20792 32948
5040 994.511 2770 70966 2478 279 34856 35411
5048 1016.81 3060 62034 2594 531 29710 30689
5040 994.511 1258 52566 872 369 33959 18113
5048 1016.81 1741 38744 820 0 22933 15539
5040 994.511 3064 61961 2571 174 25836 35349
5048 1016.81 1900 40394 1415 380 30373 9891
5040 994.511 3349 45686 2940 384 31852 13299
5048 1016.81 1704 56207 1501 129 33446 20479
5040 994.511 1497 53734 1419 0 36720 17080
5048 1016.81 1497 29446 1113 353 24295 4480
5040 994.511 1741 53707 1229 457 32893 21709
5048 1016.81 2646 41959 2241 291 19445 20488
5040 994.511 3690 79886 2863 647 41753 39800
5048 1016.81 2147 48576 1726 265 27264 20497
5040 994.511 3659 75179 1593 832 43785 29396
5048 1016.81 1883 44846 1745 93 29325 15089
5040 994.511 1482 42529 1405 0 24878 17053
5048 1016.81 1459 43604 1077 284 21468 19010
5040 994.511 2763 69304 2281 441 42264 27173
5048 1016.81 2051 41099 1448 538 31228 9791
5040 994.511 2017 56650 1532 356 35256 21984
5048 1016.81 1597 35040 1181 565 28171 7183
5040 994.511 1282 38280 922 370 29256 8652
5048 1016.81 2305 46102 1652 477 35250 10359
5040 994.511 1925 62252 1750 167 33636 26768
5048 1016.81 2519 62166 2214 197 42325 20032
5040 994.511 1270 45332 1000 254 22428 22852
5048 1016.81 1937 70207 1817 120 48085 21537
5040 994.511 2570 56768 2340 129 45701 11135
5048 1016.81 1796 48665 1278 591 26868 22331
5040 994.511 1722 34047 1567 0 27834 6224
5048 1016.81 1828 56394 1456 331 32081 24304
5040 994.511 1992 55671 1420 554 36914 18282
5048 1016.81 1434 56797 1143 241 37522 18556
5040 994.511 5542 53934 1395 784 34205 21169
5048 1016.81 2156 53620 2164 0 34045 19394
5040 994.511 1377 72215 621 712 30987 40726
5048 1016.81 479 51934 500 0 32957 19967
5040 994.511 1936 40537 1831 124 35540 4838
5048 1016.81 1488 40535 1476 0 32619 8096
5040 994.511 569 47627 596 0 29278 17853
5048 1016.81 3476 59529 2256 984 28850 29534
5040 994.511 1281 36136 922 295 30104 6659
5048 1016.81 525 30527 493 0 18113 11694
5040 994.511 1732 50570 1568 0 44386 7370
5048 1016.81 1462 54905 1094 271 36281 20012
5040 994.511 2083 62722 1643 535 25693 37495
5048 1016.81 1323 22097 1276 0 19545 2202
5040 994.511 1728 55180 1575 0 43042 10861
5048 1016.81 1332 52166 1169 152 21510 29324
5040 994.511 1282 47488 1240 0 30221 17122
5048 1016.81 1885 54768 979 883 29347 24920
5040 994.511 2665 103175 1623 521 47140 53966
5048 1016.81 2878 89071 2361 568 39537 48959
5040 994.511 1763 53907 1513 216 34108 18424
5048 1016.81 790 50378 534 214 29600 19240
5040 994.511 2433 89703 952 1425 57262 32153
5048 1016.81 2945 37746 1629 0 25026 12926
5040 994.511 3009 72199 2259 657 39403 33858
5048 1016.81 2893 59564 2728 134 36963 24340
5040 994.511 1312 35451 1103 137 24864 10642
5048 1016.81 1732 32866 1770 0 24797 7250
5048 1016.81 1979 44800 1191 676 25476 19603
5040 994.511 3258 81552 2405 296 40394 40881
5040 994.511 1703 63729 1104 562 46572 17024
5048 1016.81 2744 64188 2066 695 52013 12038
5040 994.511 1303 37214 1118 164 23936 12360
5048 1016.81 785 44710 573 134 25846 19313
5040 994.511 3664 50523 2819 0 42816 6888
5048 1016.81 1950 69313 1449 416 33166 35987
5040 994.511 1795 37673 821 829 28403 8876
5048 1016.81 1683 55103 1123 617 30417 23822
5040 994.511 2432 57561 1742 660 26805 30111
5048 1016.81 3571 49844 2336 1152 39810 9131
5040 994.511 4078 79710 3694 295 48977 29839
5048 1016.81 2426 82014 1764 593 50300 33470
5040 994.511 1207 44565 1137 0 27710 16941
5048 1016.81 2303 64759 1746 553 33008 31218
5040 994.511 2166 62319 1723 211 49386 12288
5048 1016.81 2064 54183 1458 567 29545 24032
5040 994.511 1520 60597 738 808 25968 35508
5048 1016.81 2255 38047 1863 262 26740 11590
5040 994.511 2099 74182 1903 206 48366 25237
5048 1016.81 3965 67859 1701 229 37427 30188
5040 994.511 1708 68371 1011 733 40129 28782
5048 1016.81 1860 34945 1357 287 20015 14849
