#station_id r_mc scin_hg_tot_sig wcd_hg_tot_sig scin_hg_em_sig scin_hg_mu_sig wcd_hg_em_sig wcd_hg_mu_sig
5040 1079.59 456 38261 425 0 16132 22837
5048 1105.76 414 49043 166 278 16871 32581
5040 1079.59 1105 64800 590 505 21823 41421
5048 1105.76 891 42084 335 440 11704 30034
5040 1079.59 761 27021 672 0 11738 15879
5048 1105.76 2438 28089 1380 961 20666 7014
5040 1079.59 234 45153 194 0 18533 26449
5048 1105.76 117 21577 160 0 6375 14362
5040 1079.59 713 48143 748 0 21600 25117
5048 1105.76 3053 39290 1537 1504 17271 21187
5040 1079.59 948 28166 976 0 9230 19235
5048 1105.76 611 36361 544 0 9338 27562
5040 1079.59 730 28825 529 243 13401 17087
5048 1105.76 589 20981 609 0 10803 9787
5040 1079.59 1381 34725 886 521 10779 24283
5048 1105.76 1107 51217 525 433 11975 40330
5040 1079.59 1321 43414 853 379 20965 21422
5048 1105.76 221 34966 220 0 13057 21640
5040 1079.59 1510 71207 839 793 12997 59023
5048 1105.76 669 39371 434 227 13588 26071
5040 1079.59 713 53376 358 451 22178 30827
5048 1105.76 2610 75450 909 1599 30164 44114
5040 1079.59 1582 48393 826 705 11822 36557
5048 1105.76 2473 48939 255 2259 17750 29708
5040 1079.59 1053 65931 809 291 22324 42504
5048 1105.76 1280 37215 551 758 10090 27522
5040 1079.59 2068 44363 1539 584 15513 28122
5048 1105.76 1983 36649 1616 299 31173 5713
5040 1079.59 801 24979 15 677 15277 9108
5048 1105.76 1515 23871 1290 174 10483 13788
5040 1079.59 1530 35896 700 841 25768 10403
5048 1105.76 2055 37639 1855 308 18332 19582
5040 1079.59 468 48290 220 307 22419 25288
5048 1105.76 1898 41421 1994 0 13088 27733
5040 1079.59 1704 38163 350 1347 9979 28770
5048 1105.76 1241 40612 15 1225 8250 32813
5040 1079.59 2031 31553 598 337 14047 17119
5048 1105.76 1149 26995 757 263 16583 10648
5040 1079.59 1940 33223 1258 587 16716 16472
5048 1105.76 1071 20960 971 156 14419 6914
5040 1079.59 900 43506 475 377 15520 28302
5048 1105.76 965 20023 1005 0 4863 15027
5040 1079.59 1312 27419 463 825 16883 9972
5048 1105.76 439 32821 353 159 15635 16725
5040 1079.59 2444 32917 1873 448 15155 16682
5048 1105.76 2198 43937 1304 968 17456 27592
5040 1079.59 1448 68326 1050 254 22437 44935
5048 1105.76 1695 35025 1707 0 15338 18930
5040 1079.59 400 29578 306 0 14717 14535
5048 1105.76 1459 47320 1000 434 22482 23427
5040 1079.59 227 30076 188 0 13877 15240
5048 1105.76 214 17494 195 0 12557 4429
5040 1079.59 1122 51104 80 985 22386 30414
5048 1105.76 146 15077 167 0 9788 4556
5040 1079.59 1555 41347 285 1215 17855 23762
5048 1105.76 888 33813 822 0 8123 25086
5040 1079.59 53 38884 41 0 14763 23608
5048 1105.76 974 32598 656 270 11236 22107
5040 1079.59 574 59428 86 418 12078 46979
5048 1105.76 2912 25218 1559 1294 8299 16844
5040 1079.59 489 43258 117 291 14108 28337
5048 1105.76 1341 53696 587 797 8545 43509
5040 1079.59 556 40500 347 266 24568 15432
5048 1105.76 1367 33437 193 1177 12878 20342
5040 1079.59 1214 42958 663 503 22463 20588
5048 1105.76 693 28932 690 0 18760 8982
5040 1079.59 3305 49930 2144 1090 10019 39392
5048 1105.76 2124 28845 1247 678 10751 16700
5040 1079.59 1340 37384 1066 319 15533 21144
5048 1105.76 623 23610 468 184 18893 4831
5040 1079.59 1745 52609 964 813 14342 36613
5048 1105.76 993 37803 756 172 17560 20388
5040 1079.59 735 33268 706 0 15339 17727
5048 1105.76 490 23440 95 351 11571 11279
5040 1079.59 993 42767 665 257 29547 13917
5048 1105.76 756 28074 503 206 15831 12453
5040 1079.59 1310 16387 1310 0 15570 1271
5048 1105.76 471 24188 475 0 11915 12023
5040 1079.59 3676 60645 3071 655 16590 43039
5048 1105.76 1179 62381 724 449 32565 28546
5040 1079.59 1000 90659 532 420 24502 67144
5048 1105.76 968 43925 17 834 12216 32723
5040 1079.59 1333 54921 815 544 12684 41167
5048 1105.76 952 44734 461 506 18271 24943
5040 1079.59 923 21386 420 0 14703 5897
5048 1105.76 1104 37391 817 249 7677 28677
5040 1079.59 308 25513 96 188 14503 10150
5048 1105.76 154 32224 45 157 12675 19286
5040 1079.59 1510 45353 1433 0 20629 23542
5048 1105.76 326 28203 307 0 18888 8605
5040 1079.59 2209 94428 2197 0 22659 69873
5048 1105.76 2181 65343 1523 665 17997 46171
5040 1079.59 1550 27649 470 208 8633 19049
5048 1105.76 1046 11302 1080 0 11330 0
5040 1079.59 1107 33448 830 261 12883 19948
5048 1105.76 767 24869 158 0 17418 6981
5040 1079.59 1733 63176 717 1080 15279 49054
5048 1105.76 3425 42809 361 3034 20096 21802
5040 1079.59 1262 52332 1017 289 18772 33518
5048 1105.76 804 47050 285 538 19202 28164
5040 1079.59 1106 27536 951 159 13960 13642
5048 1105.76 69 43215 8 0 12327 30405
5040 1079.59 2464 42088 1666 677 21714 20955
5048 1105.76 711 38408 135 543 20981 16422
5040 1079.59 237 54598 2 236 30631 24208
5048 1105.76 3077 52617 2100 932 26252 24467
5040 1079.59 1370 63040 927 477 22101 40504
5048 1105.76 1544 33975 583 880 15161 18635
5040 1079.59 43 16856 0 0 10517 6098
5048 1105.76 1462 54984 165 1347 19976 34036
5040 1079.59 1582 67934 613 974 19785 48426
5048 1105.76 220 30848 220 0 30769 0
5040 1079.59 1492 54202 1003 477 18887 34624
5048 1105.76 379 16390 91 247 9845 6847
5040 1079.59 280 46001 281 0 12274 34275
5048 1105.76 1301 37905 671 576 16225 22132
5040 1079.59 108 29675 150 0 18088 11715
5048 1105.76 793 26905 524 271 16375 10758
5040 1079.59 1874 50474 921 853 18418 31344
5048 1105.76 2397 41373 1400 887 18428 22934
5040 1079.59 2557 53856 1854 710 24777 31296
5048 1105.76 1388 40081 405 910 12278 26529
5040 1079.59 1151 36622 1023 9 21394 15650
5048 1105.76 1156 38020 826 265 13629 24092
5040 1079.59 2257 43995 1649 508 16438 27319
5048 1105.76 1114 27870 410 750 14203 13517
5040 1079.59 1427 11527 1320 0 10917 780
5048 1105.76 614 35369 405 220 13705 22252
5040 1079.59 956 35105 657 274 21232 13464
5048 1105.76 563 29164 589 0 11693 16430
5040 1079.59 439 21211 431 0 9666 10458
5048 1105.76 1706 32635 1526 190 14125 18508
5040 1079.59 254 32834 229 0 20632 12387
5048 1105.76 672 30671 462 208 19096 11308
5040 1079.59 582 33076 106 478 14177 18727
5048 1105.76 825 20254 594 238 13715 6453
5040 1079.59 84 30773 41 0 19994 10044
5048 1105.76 1221 34382 648 575 17631 15626
5040 1079.59 211 25820 225 0 12586 12465
5048 1105.76 1170 40297 849 244 15338 25349
5040 1079.59 1696 22006 1196 396 13689 8424
5048 1105.76 306 41447 45 202 11942 27791
5040 1079.59 250 33980 259 0 11940 21051
5048 1105.76 593 46073 27 505 13098 33268
5040 1079.59 826 48545 84 739 16664 31765
5048 1105.76 1613 42797 763 801 8700 33364
5040 1079.59 1632 34769 603 956 26379 8145
5048 1105.76 2440 38249 1767 563 24719 13888
5040 1079.59 1510 37135 1366 181 15371 21946
5048 1105.76 514 32185 464 0 17515 14149
5040 1079.59 1264 71991 244 1034 15538 56103
5048 1105.76 203 26028 243 0 9789 15349
5040 1079.59 1242 32543 1193 0 20184 11652
5048 1105.76 667 26287 667 0 11288 14841
5040 1079.59 644 36982 595 0 12405 23846
5048 1105.76 766 60287 460 301 19671 40611
5040 1079.59 1756 43277 1355 352 21320 21032
5048 1105.76 2373 40231 1103 1287 10810 29217
5040 1079.59 1163 36628 1053 0 21555 15591
5048 1105.76 3158 30663 823 506 15569 14523
5040 1079.59 997 38610 52 932 14974 23680
5048 1105.76 483 22024 221 223 12095 9448
5040 1079.59 1882 31714 985 0 11824 20508
5048 1105.76 326 35963 71 255 17142 18785
5040 1079.59 4559 34830 4265 421 20152 14762
5048 1105.76 468 58754 261 215 29218 29928
5040 1079.59 2143 69946 1494 495 19087 50944
5048 1105.76 940 24441 603 319 14416 9830
5040 1079.59 616 40645 393 179 26938 13286
5048 1105.76 664 53728 115 509 18509 35257
5040 1079.59 1130 42425 1081 0 16344 25938
5048 1105.76 1962 32851 1741 158 16224 17556
5040 1079.59 1051 59657 174 842 24065 33241
5048 1105.76 933 70706 75 828 25642 44825
5040 1079.59 430 49902 129 236 18155 30712
5048 1105.76 141 21846 166 0 7364 14808
5040 1079.59 1029 35370 0 956 15796 19707
5048 1105.76 1218 35036 1175 0 23170 11589
5040 1079.59 1605 45956 1383 169 22517 22383
5048 1105.76 473 26574 413 0 15821 10161
5040 1079.59 1138 30726 737 411 15618 14428
5048 1105.76 1031 49240 442 555 15435 32001
5040 1079.59 1262 36084 1034 191 14430 19996
5048 1105.76 2302 40667 2214 0 11750 29658
5040 1079.59 627 56729 227 343 29639 27621
5048 1105.76 605 40766 283 278 13568 28291
5040 1079.59 1079 38617 782 328 10523 27382
5048 1105.76 1322 28292 739 556 14492 13021
5040 1079.59 2215 50775 2195 0 24663 23990
5048 1105.76 691 25089 307 387 22984 965
5040 1079.59 1796 50036 1560 214 24872 25636
5048 1105.76 852 23987 297 588 15829 7551
5040 1079.59 866 50290 405 517 18471 32231
5048 1105.76 692 26122 663 0 12697 13105
5040 1079.59 144 29577 109 0 18150 11732
5048 1105.76 1147 29687 771 463 11468 17018
5040 1079.59 810 37328 388 370 14201 23323
5048 1105.76 228 34993 0 237 21572 14403
5040 1079.59 1397 68367 1009 272 21270 45435
5048 1105.76 1262 32948 1183 0 19181 14219
5040 1079.59 718 31740 620 0 22034 9853
5048 1105.76 937 38687 918 0 15282 23722
5040 1079.59 977 36372 576 391 7520 28296
5048 1105.76 317 37442 248 98 17735 19199
5040 1079.59 3998 53473 2659 1374 27927 25316
5048 1105.76 827 42862 301 581 18086 24778
5040 1079.59 1664 47680 970 684 16147 30880
5048 1105.76 495 39807 2 491 13357 25580
5040 1079.59 1444 37372 696 630 11956 24980
5048 1105.76 1137 58890 525 561 9223 50340
5040 1079.59 1908 32898 1888 0 13807 18695
5048 1105.76 1573 38982 1319 282 14337 24313
5040 1079.59 393 42687 149 247 15635 27255
5048 1105.76 1489 42058 1111 406 15884 25540
5040 1079.59 1152 49214 367 871 19342 29179
5048 1105.76 5031 67403 3985 1044 22995 45933
5040 1079.59 2758 77718 1108 1776 11847 66724
5048 1105.76 577 57018 336 284 14399 42490
5040 1079.59 676 41277 517 183 11985 30934
5048 1105.76 807 46649 690 0 19001 27594
5040 1079.59 1129 46544 694 447 27928 19049
5048 1105.76 1573 30136 940 669 24166 4693
5040 1079.59 208 30268 150 0 16629 13836
5048 1105.76 1460 50360 1407 0 18814 31122
#station_id r_mc scin_hg_tot_sig wcd_hg_tot_sig scin_hg_em_sig scin_hg_mu_sig wcd_hg_em_sig wcd_hg_mu_sig
5040 1079.59 1392 39331 71 1281 22102 17775
5048 1105.76 817 15561 488 359 8175 6975
5040 1079.59 569 33290 475 42 19198 14215
5048 1105.76 2005 34848 1627 305 17431 16598
5040 1079.59 7206 29791 5931 0 19104 10701
5048 1105.76 1643 27671 1122 504 5876 20562
5040 1079.59 219 25779 7 221 13402 11416
5048 1105.76 363 19990 123 175 18315 1752
5040 1079.59 560 44857 36 534 15231 30176
5048 1105.76 940 18457 693 254 18979 0
5040 1079.59 1410 36348 933 340 12043 23586
5048 1105.76 56 17306 47 0 13573 3862
5040 1079.59 380 22693 349 0 16393 6553
5048 1105.76 1526 44268 677 903 20606 24010
5040 1079.59 1096 41469 223 759 28292 14735
5048 1105.76 1707 79696 492 1278 24958 57049
5040 1079.59 239 39803 244 0 16148 23301
5048 1105.76 1526 39169 1296 164 18711 20062
5040 1079.59 1648 31206 969 689 19296 11030
5048 1105.76 970 45697 451 504 17402 29085
5040 1079.59 1455 29579 1211 249 8596 21174
5048 1105.76 1091 51930 584 547 10839 41059
5040 1079.59 835 65886 618 204 27649 39919
5048 1105.76 2339 33525 2022 355 16677 15414
5040 1079.59 916 34403 791 0 15255 18798
5048 1105.76 1356 43930 888 453 11928 32923
5040 1079.59 2166 50350 1606 507 15971 34602
5048 1105.76 2685 39310 2042 707 16974 22875
5040 1079.59 2290 22889 2220 0 12316 10525
5048 1105.76 1262 42710 746 492 14645 27381
5040 1079.59 905 66372 639 322 20150 45213
5048 1105.76 255 24782 218 0 9388 15032
5040 1079.59 2598 33587 1905 635 14052 19831
5048 1105.76 625 35771 578 0 14204 20502
5040 1079.59 1345 22530 1377 0 10900 13094
5048 1105.76 2793 29174 1532 1154 19214 10808
5040 1079.59 1374 41341 363 949 14067 26595
5048 1105.76 478 40011 216 231 24457 16804
5040 1079.59 772 31827 121 650 14955 15532
5048 1105.76 1959 26034 1869 0 5041 20214
5040 1079.59 1511 19334 1045 507 13254 5775
5048 1105.76 1170 29301 619 537 14146 15062
5040 1079.59 1434 31442 1339 0 24868 5997
5048 1105.76 1037 25165 559 446 9200 15381
5040 1079.59 1078 29540 1115 0 17912 11209
5048 1105.76 2478 25994 976 0 21331 5065
5040 1079.59 1009 49723 775 219 22158 27784
5048 1105.76 1510 32691 1236 250 8065 25669
5040 1079.59 698 24429 510 202 9945 14070
5048 1105.76 1186 13781 1041 171 12530 837
5040 1079.59 1863 18710 1050 783 8680 8578
5048 1105.76 614 38160 251 279 22398 15977
5040 1079.59 1092 21839 243 807 16115 5641
5048 1105.76 399 47853 147 227 18824 29576
5040 1079.59 1042 35625 408 582 23448 11193
5048 1105.76 0 22294 0 0 12037 9496
5040 1079.59 1440 33151 1040 385 15172 17305
5048 1105.76 1251 24084 652 529 16339 7364
5040 1079.59 1607 46081 430 1106 12105 33629
5048 1105.76 834 47406 511 346 12626 35345
5040 1079.59 1580 64110 1093 400 20083 45324
5048 1105.76 347 10525 379 0 8106 2678
5040 1079.59 1769 49964 1131 670 27460 22729
5048 1105.76 130 22938 152 0 14695 7546
5040 1079.59 952 45369 933 0 13038 30869
5048 1105.76 874 30380 806 0 10740 19644
5040 1079.59 2804 51559 1972 700 15334 34677
5048 1105.76 1910 46409 856 1021 19571 26968
5040 1079.59 2074 21895 1698 433 14166 7680
5048 1105.76 1154 39572 1084 0 31882 5342
5040 1079.59 241 27593 265 0 24040 3687
5048 1105.76 1025 32895 1027 0 17038 14833
5040 1079.59 2823 29234 305 2346 9581 18741
5048 1105.76 556 24807 438 167 9555 14586
5040 1079.59 740 47057 446 274 21111 26026
5048 1105.76 963 35018 668 300 15577 19310
5040 1079.59 676 31283 463 249 10922 20514
5048 1105.76 972 70216 1015 0 19927 51144
5040 1079.59 27 26982 41 0 12193 13688
5048 1105.76 1011 63326 508 498 13572 49511
5040 1079.59 981 41151 944 0 15819 25282
5048 1105.76 1376 34158 361 1060 7028 25959
5040 1079.59 1232 58377 640 592 16771 40595
5048 1105.76 28 34457 15 0 11635 22537
5040 1079.59 2253 59467 717 1527 16032 42876
5048 1105.76 1370 53739 220 1247 13059 39565
5040 1079.59 1430 52288 462 248 27875 25635
5048 1105.76 871 22517 135 660 12824 9321
5040 1079.59 976 23312 1040 0 13634 9557
5048 1105.76 1915 28609 1238 670 9386 20468
5040 1079.59 2560 53282 2105 287 30212 21880
5048 1105.76 827 29468 497 257 16938 12113
5040 1079.59 967 37017 413 633 11611 25124
5048 1105.76 420 30884 535 0 17580 13562
5040 1079.59 1750 60329 739 1067 28381 30771
5048 1105.76 1109 66222 604 588 36130 29740
5040 1079.59 902 62365 586 293 24903 37460
5048 1105.76 223 37433 234 0 11362 24983
5040 1079.59 1596 32212 610 936 13064 18585
5048 1105.76 515 37496 147 306 17938 19522
5040 1079.59 1855 67545 507 1459 15082 52582
5048 1105.76 3527 34937 2349 1229 12091 23836
5040 1079.59 175 28996 98 0 16472 11293
5048 1105.76 2138 56726 1426 831 16181 40742
5040 1079.59 470 30910 191 254 13714 16594
5048 1105.76 693 45800 96 571 13447 32192
5040 1079.59 359 62484 13 332 28649 34284
5048 1105.76 577 36973 55 514 23968 13501
5040 1079.59 1348 60041 660 647 18708 39941
5048 1105.76 583 40796 22 638 12946 26356
5040 1079.59 572 42895 266 272 13141 29300
5048 1105.76 2680 51723 1542 1031 13999 37687
5040 1079.59 786 37992 580 168 16318 21551
5048 1105.76 961 28354 314 730 15024 12575
5040 1079.59 1273 27582 954 198 14577 13056
5048 1105.76 1103 51505 1160 0 17853 32545
5040 1079.59 2079 31389 1663 334 17944 12468
5048 1105.76 716 25895 764 0 23873 2009
5040 1079.59 836 48503 435 361 25163 23264
5048 1105.76 649 48029 3 725 12320 35445
5040 1079.59 2500 44951 1777 663 17662 27658
5048 1105.76 824 46856 319 483 33397 14088
5040 1079.59 503 44924 58 497 12713 31858
5048 1105.76 2 40007 9 0 9376 29414
5040 1079.59 2646 40966 1675 949 12999 26522
5048 1105.76 703 15651 164 580 15576 345
5040 1079.59 1018 33250 616 423 11335 21149
5048 1105.76 1034 41930 659 336 11505 30269
5040 1079.59 1648 40963 946 750 10616 29915
5048 1105.76 2582 86078 1115 1385 13004 72777
5040 1079.59 1597 39952 752 822 24461 15482
5048 1105.76 3586 23907 1480 1251 14799 9242
5040 1079.59 671 38073 488 196 22409 15116
5048 1105.76 2321 43695 973 1318 19086 24575
5040 1079.59 2519 51728 2084 308 11909 38125
5048 1105.76 487 34014 416 0 16010 18140
5040 1079.59 1455 55301 261 827 14503 40180
5048 1105.76 1305 32063 1043 265 9724 22754
5040 1079.59 951 29059 526 0 10435 18873
5048 1105.76 1243 28205 1110 0 11881 16137
5040 1079.59 1051 29769 312 720 12925 16870
5048 1105.76 1260 36836 325 875 17123 19487
5040 1079.59 1055 34059 331 789 7745 25169
5048 1105.76 2037 46164 307 1653 9460 36288
5040 1079.59 841 15723 172 729 12325 2784
5048 1105.76 69 13048 22 0 9209 4082
5040 1079.59 447 16411 120 300 10857 4863
5048 1105.76 2756 62050 1714 969 17485 44774
5040 1079.59 3673 56892 2565 388 21099 35890
5048 1105.76 2244 34359 1243 365 17125 17566
5040 1079.59 1006 61416 721 242 22079 39256
5048 1105.76 1662 24182 1495 34 9575 14362
5040 1079.59 370 29926 144 239 18466 10720
5048 1105.76 362 60588 144 244 14075 45356
5040 1079.59 499 48367 286 148 13522 35181
5048 1105.76 611 40283 439 193 10604 28026
5040 1079.59 1126 36370 1112 0 18316 18091
5048 1105.76 2406 48781 2171 205 24724 24775
5048 1105.76 1091 42122 576 555 14192 26403
5040 1079.59 2852 27589 1500 0 14888 12463
5040 1079.59 4429 48780 3774 643 19740 28571
5048 1105.76 1536 24580 1285 206 14083 10079
5040 1079.59 1259 39063 729 512 24834 14075
5048 1105.76 1888 47765 1069 873 34467 13175
5040 1079.59 2234 48122 1855 352 20889 27714
5048 1105.76 910 46538 276 547 20654 25585
5040 1079.59 3054 57775 2351 591 15646 41632
5048 1105.76 1087 43808 736 325 18389 25708
5040 1079.59 2040 55770 435 1573 14569 39411
5048 1105.76 710 35308 494 278 17464 17673
5040 1079.59 391 68137 0 355 37745 29653
5048 1105.76 172 17823 5 172 11836 5705
5040 1079.59 706 26048 673 0 10683 13812
5048 1105.76 942 28336 201 751 8564 20348
5040 1079.59 1619 44133 1093 515 16871 26084
5048 1105.76 466 34047 485 0 17087 16828
5040 1079.59 911 26639 716 220 17662 8877
5048 1105.76 854 29854 244 532 23647 6180
5040 1079.59 2192 38978 728 947 16099 22116
5048 1105.76 924 24671 724 224 13895 10077
5040 1079.59 708 44163 569 236 15915 28423
5048 1105.76 1958 33935 1940 0 15829 17201
5040 1079.59 494 20404 252 237 12994 7164
5048 1105.76 830 45230 562 268 7673 38221
5040 1079.59 1692 37853 994 641 18252 19133
5048 1105.76 2645 36260 1347 672 14198 20967
5040 1079.59 53 32820 15 0 10833 21827
5048 1105.76 0 36615 0 0 26724 10550
5040 1079.59 828 33001 476 263 16862 16084
5048 1105.76 248 35930 249 0 11154 24453
5040 1079.59 2534 41654 680 1845 15539 25671
5048 1105.76 1311 22652 1219 0 12299 10325
5040 1079.59 803 29318 379 449 16070 12359
5048 1105.76 1356 20050 978 317 11180 9351
5040 1079.59 843 45184 316 549 22824 20378
5048 1105.76 889 44067 698 201 22404 20820
5040 1079.59 479 34242 288 207 17893 16119
5048 1105.76 349 34576 57 336 22363 11021
5040 1079.59 607 42155 569 0 24560 16830
5048 1105.76 415 20785 401 0 14972 6295
5040 1079.59 1178 61564 468 674 19666 42739
5048 1105.76 1396 36896 766 569 16880 20129
5040 1079.59 639 51025 290 275 17959 31625
5048 1105.76 381 32754 4 357 17732 14473
5040 1079.59 1269 27744 1210 0 18249 8693
5048 1105.76 1689 58974 1451 235 18579 40467
5040 1079.59 778 76762 19 694 29284 47061
5048 1105.76 79 25442 79 0 14350 12267
5040 1079.59 804 50958 409 495 15668 34486
5048 1105.76 967 34133 148 765 14801 18706
5040 1079.59 2160 60999 1207 668 29813 31821
5048 1105.76 1563 35188 954 533 18470 18199
5040 1079.59 591 28515 608 0 23026 4790
5048 1105.76 30 22132 36 0 16131 5834
5040 1079.59 1627 48966 1345 285 18480 30916
5048 1105.76 1171 23224 803 305 11292 10675
5048 1105.76 1761 41313 1394 265 20674 21125
5040 1079.59 1342 49810 1359 0 28434 21976
5040 1079.59 1101 62489 344 749 19295 43241
5048 1105.76 647 20827 39 687 10428 10084
5040 1079.59 902 29988 158 758 10248 20077
5048 1105.76 1725 12031 1316 274 10323 1774
5040 1079.59 1164 40394 991 230 12050 27163
5048 1105.76 715 26209 476 190 11417 14874
#station_id r_mc scin_hg_tot_sig wcd_hg_tot_sig scin_hg_em_sig scin_hg_mu_sig wcd_hg_em_sig wcd_hg_mu_sig
5040 1079.59 294 45492 239 0 20241 24289
5048 1105.76 1179 22841 458 0 12126 11483
5040 1079.59 1418 49980 1090 293 26475 22627
5048 1105.76 1204 41970 400 755 11788 30513
5040 1079.59 76 31697 36 0 18825 12749
5048 1105.76 2048 25803 802 1146 7922 16848
5040 1079.59 769 23009 217 515 10572 13837
5048 1105.76 1653 25921 1369 259 7119 18886
5040 1079.59 2072 47945 1374 688 16118 31911
5048 1105.76 2420 35161 9 318 12960 21433
5040 1079.59 971 45606 1017 0 33114 12117
5048 1105.76 1087 30502 1068 0 18492 12855
5040 1079.59 606 54233 364 255 13650 40476
5048 1105.76 971 34308 951 0 15256 18764
5040 1079.59 699 47029 425 251 32589 14078
5048 1105.76 1189 50038 806 341 14012 34737
5040 1079.59 1469 39828 1099 299 13145 26473
5048 1105.76 696 34742 35 641 9059 25612
5040 1079.59 1280 45661 448 867 29934 15884
5048 1105.76 790 22184 443 353 9843 12492
5040 1079.59 757 23305 195 603 12039 10722
5048 1105.76 1694 48224 872 835 4615 43403
5040 1079.59 1799 30613 1423 310 12774 17497
5048 1105.76 65 37675 121 0 13753 23158
5040 1079.59 1171 37427 886 276 17410 19066
5048 1105.76 932 38736 275 655 17231 21578
5040 1079.59 2284 62127 1843 440 16844 44498
5048 1105.76 893 21273 787 0 7495 13024
5040 1079.59 446 35760 212 246 10241 24770
5048 1105.76 1210 29809 421 793 12830 17147
5040 1079.59 1760 51814 976 740 32214 19718
5048 1105.76 1099 26718 1005 0 18699 7737
5040 1079.59 1796 46157 828 917 13669 31917
5048 1105.76 674 24662 477 299 14326 9464
5040 1079.59 1374 58494 835 488 28825 29058
5048 1105.76 1894 49085 1908 0 15489 33265
5040 1079.59 1109 35189 800 253 25591 9277
5048 1105.76 2336 46896 1299 1044 10338 36030
5040 1079.59 1830 51194 842 1043 16575 33436
5048 1105.76 214 16670 131 0 10550 5342
5040 1079.59 3563 40649 2715 822 25534 15114
5048 1105.76 1012 37374 948 0 21720 15405
5040 1079.59 2787 60275 945 1775 27178 31955
5048 1105.76 793 33163 35 789 18366 15138
5040 1079.59 703 19252 278 397 19178 245
5048 1105.76 1528 29923 1178 373 13570 16008
5040 1079.59 2715 45499 2359 0 12767 33695
5048 1105.76 2322 34602 1152 1035 13724 21111
5040 1079.59 1404 41237 688 571 19401 20738
5048 1105.76 1074 43656 468 616 28674 15342
5040 1079.59 469 33693 180 227 12508 21118
5048 1105.76 2813 38533 1483 1320 13468 24134
5040 1079.59 1332 57128 932 381 22625 34306
5048 1105.76 974 35068 488 500 15869 19217
5040 1079.59 1307 47957 539 734 22030 25387
5048 1105.76 508 26430 544 0 8072 17191
5040 1079.59 833 49640 109 670 20915 29814
5048 1105.76 241 49272 68 174 20552 28998
5040 1079.59 2855 30165 1924 267 15662 14129
5048 1105.76 1380 29394 1149 200 13281 15935
5040 1079.59 760 41379 721 0 17542 23576
5048 1105.76 687 29765 518 184 8909 21651
5040 1079.59 841 37195 594 318 13905 22651
5048 1105.76 1270 30308 902 363 13747 15761
5040 1079.59 1507 46157 569 1027 12271 34553
5048 1105.76 1111 54878 115 1014 17649 35873
5040 1079.59 1016 53941 974 0 21606 31526
5048 1105.76 1019 47575 534 457 12954 33869
5040 1079.59 1980 72742 942 1093 20551 51353
5048 1105.76 1052 21304 738 296 17397 3375
5040 1079.59 627 34019 622 0 15976 17245
5048 1105.76 1807 27477 1758 0 14744 13233
5040 1079.59 521 42936 283 218 16717 25821
5048 1105.76 910 48503 469 421 23042 25522
5040 1079.59 1220 47593 1165 0 16817 29646
5048 1105.76 1359 24624 1014 272 12566 12322
5040 1079.59 695 48660 364 236 30546 16320
5048 1105.76 782 56615 471 178 10487 46147
5040 1079.59 1514 46437 1491 0 10527 36572
5048 1105.76 754 47095 191 605 8653 36979
5040 1079.59 950 34739 991 0 22044 12861
5048 1105.76 548 53020 531 0 18137 34477
5040 1079.59 462 63880 228 246 13112 50675
5048 1105.76 569 36916 291 249 8542 29082
5040 1079.59 335 60250 104 214 27580 35197
5048 1105.76 1837 41819 1077 820 13693 27718
5040 1079.59 3199 42984 1560 1628 19135 24186
5048 1105.76 302 28481 130 186 23138 6361
5040 1079.59 1643 32883 755 871 7928 23429
5048 1105.76 609 30604 633 0 7575 22949
5040 1079.59 3431 45995 2357 841 23501 21885
5048 1105.76 2120 50721 1591 537 21440 28980
5040 1079.59 768 47952 555 225 21110 26398
5048 1105.76 1614 46304 1263 452 25011 22353
5040 1079.59 878 33771 322 572 14779 18582
5048 1105.76 186 30517 146 0 11232 18385
5040 1079.59 358 35426 118 294 17371 17166
5048 1105.76 938 18336 711 262 7881 11326
5040 1079.59 1370 84283 315 1030 14907 69989
5048 1105.76 1343 33779 989 242 11340 21461
5040 1079.59 240 30574 56 207 15969 14511
5048 1105.76 1663 48668 1595 0 11277 37347
5040 1079.59 1544 19096 1573 0 10804 8508
5048 1105.76 1299 42671 102 1242 13933 28049
5040 1079.59 1127 33204 426 690 9614 23245
5048 1105.76 1310 22176 185 1090 13257 8534
5040 1079.59 639 23608 433 177 17381 6341
5048 1105.76 299 19181 293 0 13417 5395
5040 1079.59 2204 51722 1929 283 12717 38582
5048 1105.76 534 36264 277 259 21030 15433
5040 1079.59 1468 50412 1147 207 20540 29872
5048 1105.76 2044 45120 1483 584 16374 29547
5040 1079.59 2397 49015 1991 303 16059 31442
5048 1105.76 3081 26803 2921 200 18350 8093
5040 1079.59 2492 34051 2238 342 25445 9699
5048 1105.76 512 31732 263 303 19174 12402
5040 1079.59 568 46334 241 292 16632 28574
5048 1105.76 38 19519 67 0 12745 6315
5040 1079.59 1412 63976 186 1261 18096 45170
5048 1105.76 1469 11906 1202 277 12066 0
5040 1079.59 546 38376 10 0 24416 13745
5048 1105.76 894 47788 854 0 23731 23290
5040 1079.59 496 66794 293 0 37159 29122
5048 1105.76 989 57129 669 390 31507 23930
5040 1079.59 650 48904 349 252 26103 21809
5048 1105.76 1938 9602 1845 0 9919 0
5040 1079.59 509 35815 71 400 21365 15569
5048 1105.76 296 27212 351 0 20608 5529
5040 1079.59 419 40762 396 0 19323 21430
5048 1105.76 1137 28267 584 232 17109 11482
5040 1079.59 1728 24701 502 1125 9255 14571
5048 1105.76 342 28106 0 360 12403 17667
5040 1079.59 3309 64727 1851 1636 14771 49438
5048 1105.76 16 31309 5 0 19014 12385
5040 1079.59 1929 55808 1050 876 11484 42938
5048 1105.76 1886 56066 1832 0 26392 26785
5048 1105.76 930 31702 826 167 6940 24241
5040 1079.59 3984 39557 1129 1016 12387 27311
5040 1079.59 1456 32319 2 714 15688 16927
5048 1105.76 3042 20409 333 197 8060 11472
5040 1079.59 1047 37029 452 611 15462 21381
5048 1105.76 929 39866 990 0 27581 12745
5040 1079.59 1221 45776 728 165 21504 24163
5048 1105.76 526 27707 433 0 11831 15922
5040 1079.59 2098 67141 1290 839 23607 42474
5048 1105.76 1903 35070 408 434 10638 24951
5040 1079.59 1419 55065 149 748 17350 38753
5048 1105.76 1581 25469 1425 0 14897 10095
5040 1079.59 970 35064 726 186 13539 23041
5048 1105.76 745 37789 487 245 15422 23003
5040 1079.59 1586 23496 1195 306 17481 6625
5048 1105.76 1018 49149 464 531 15231 34360
5040 1079.59 301 25170 260 0 13214 11502
5048 1105.76 700 32236 701 0 19537 12674
5040 1079.59 2764 58290 2143 603 17703 40036
5048 1105.76 329 46488 7 338 12774 34595
5040 1079.59 183 18577 161 0 6723 10974
5048 1105.76 744 25823 579 96 14543 10053
5040 1079.59 2752 38890 1744 1087 16273 22475
5048 1105.76 793 46036 316 478 15538 29245
5040 1079.59 954 33070 599 286 10429 22319
5048 1105.76 585 31518 594 0 16883 14265
5040 1079.59 1712 45034 1705 0 18278 28068
5048 1105.76 1023 18923 59 959 9055 9299
5040 1079.59 1339 23643 494 897 14211 9600
5048 1105.76 333 43937 164 226 8395 34974
5040 1079.59 1326 15639 1114 214 8730 6030
5048 1105.76 936 21690 289 557 9618 12217
5040 1079.59 1116 33157 595 244 10024 22882
5048 1105.76 147 41452 27 151 18787 22436
5040 1079.59 926 35207 630 230 15104 20308
5048 1105.76 806 17108 554 269 11484 5403
5040 1079.59 3287 41751 3151 213 18477 22610
5048 1105.76 322 34314 125 228 20423 14014
5040 1079.59 2325 45837 812 999 9410 36581
5048 1105.76 2372 30341 1883 543 13509 16730
5040 1079.59 2207 45277 1060 237 29743 14465
5048 1105.76 1383 41765 529 825 9256 33204
5040 1079.59 1200 35167 754 0 24558 9917
5048 1105.76 1151 45052 562 449 16812 27754
5040 1079.59 2146 23727 1957 345 15212 8232
5048 1105.76 1145 21192 446 615 8073 13664
5040 1079.59 998 40786 344 623 15362 25588
5048 1105.76 711 33488 639 0 17591 14911
5040 1079.59 2540 42214 1600 758 12479 29356
5048 1105.76 1379 38466 1112 259 22663 21092
5040 1079.59 2184 30680 944 709 16272 14216
5048 1105.76 941 50626 324 626 16903 32438
5040 1079.59 386 41836 399 0 17641 24240
5048 1105.76 1115 30795 1070 0 15933 14492
5040 1079.59 4596 40932 883 707 20867 19376
5048 1105.76 1257 60402 335 874 23483 38519
5040 1079.59 -12 26902 43 0 16980 9920
5048 1105.76 1006 27992 797 243 10423 17700
5040 1079.59 766 31486 755 0 14070 18254
5048 1105.76 670 24448 616 0 17440 7347
5040 1079.59 1256 44536 1237 0 18371 24713
5048 1105.76 1277 34421 756 421 18209 15822
5040 1079.59 1943 48132 1544 369 23209 26558
5048 1105.76 1146 35480 277 920 10495 24506
5040 1079.59 1607 47516 523 951 17259 29805
5048 1105.76 945 39285 441 605 14748 23306
5040 1079.59 1676 53833 863 875 16238 38863
5048 1105.76 450 29557 466 0 21852 7178
5040 1079.59 1705 50284 250 1440 18295 33368
5048 1105.76 113 26540 101 0 11451 14575
5040 1079.59 669 51656 221 439 17912 34408
5048 1105.76 1418 44257 831 593 15667 27229
5040 1079.59 1312 48163 465 229 15918 33067
5048 1105.76 695 27703 743 0 24419 3809
5040 1079.59 1734 38446 1098 681 11222 26631
5048 1105.76 490 24833 183 248 18648 5908
5040 1079.59 486 27387 0 530 10246 17758
5048 1105.76 857 23543 296 577 11727 12160
5040 1079.59 564 42109 88 474 16685 24793
5048 1105.76 789 57654 87 751 17114 39148
5040 1079.59 795 36292 835 0 17580 18195
5048 1105.76 388 42276 104 261 25636 16095
5040 1079.59 932 44533 433 481 13943 29483
5048 1105.76 599 36783 23 568 17178 19175
