#station_id r_mc scin_hg_tot_sig wcd_hg_tot_sig scin_hg_em_sig scin_hg_mu_sig wcd_hg_em_sig wcd_hg_mu_sig
5040 1079.59 1756 28373 474 1335 15419 12627
5048 1105.76 2364 38936 438 1870 19834 18042
5040 1079.59 1853 74154 596 1138 25379 48707
5048 1105.76 1310 49136 1020 218 12723 35681
5040 1079.59 609 52772 197 480 13392 39284
5048 1105.76 571 28547 552 0 22399 6063
5040 1079.59 87 28892 3 0 7699 20819
5048 1105.76 1322 48831 675 537 12380 35853
5040 1079.59 608 60527 243 297 36783 22905
5048 1105.76 2188 33441 1519 297 13701 19338
5040 1079.59 1087 53235 190 835 17124 36967
5048 1105.76 3303 51957 1441 1675 8957 44420
5040 1079.59 703 31074 480 181 12951 17838
5048 1105.76 488 53730 176 224 16414 37021
5040 1079.59 1442 54433 961 423 27630 27122
5048 1105.76 1039 63782 598 387 18099 45046
5040 1079.59 1206 59965 41 1158 15930 43473
5048 1105.76 1124 42719 308 804 14519 28450
5040 1079.59 4389 39854 2631 1770 12719 27150
5048 1105.76 253 15662 32 201 10779 4367
5040 1079.59 1877 65437 1090 680 26430 37611
5048 1105.76 1476 42040 1291 208 32364 8696
5040 1079.59 2486 36196 1489 286 23873 11939
5048 1105.76 1865 50380 1308 721 21731 28734
5040 1079.59 2048 99242 1341 682 47410 51717
5048 1105.76 437 35223 28 331 8948 25094
5040 1079.59 1048 27371 492 264 25664 1047
5048 1105.76 2310 38966 974 1276 10372 27832
5040 1079.59 1442 36530 914 499 20127 16729
5048 1105.76 969 31360 755 270 12231 20663
5040 1079.59 4417 52895 3350 964 28137 23938
5048 1105.76 1742 19455 1412 214 16946 2297
5040 1079.59 1321 84145 257 1032 15269 70542
5048 1105.76 542 34064 335 133 12316 23294
5040 1079.59 2056 35041 1324 630 17009 18533
5048 1105.76 1587 41226 913 238 8266 33021
5040 1079.59 1252 59542 1001 229 30629 29415
5048 1105.76 1505 74462 483 997 29198 43681
5040 1079.59 845 45911 270 457 18131 27674
5048 1105.76 877 51983 435 445 12349 38588
5040 1079.59 1787 32555 928 840 20807 12273
5048 1105.76 22 23205 3 0 13582 9567
5040 1079.59 1727 87809 572 1190 13089 74278
5048 1105.76 796 34314 517 319 14375 19605
5040 1079.59 1701 45202 289 1389 18515 25177
5048 1105.76 1724 44026 681 1005 21251 22066
5040 1079.59 1539 65506 647 855 13275 51463
5048 1105.76 3787 49075 3493 294 16471 33271
5040 1079.59 2875 39416 1202 1639 15236 23541
5048 1105.76 1314 38555 889 465 14812 23749
5040 1079.59 1161 58855 867 300 31527 27534
5048 1105.76 2595 61442 1157 1420 19948 40539
5040 1079.59 212 47667 209 0 9654 38179
5048 1105.76 1876 37797 1085 740 15363 21226
5048 1105.76 964 58689 148 752 12543 46130
5040 1079.59 1423 35536 734 493 13439 21109
5040 1079.59 287 52127 87 160 20854 31668
5048 1105.76 388 27272 0 424 14755 12226
5040 1079.59 1582 49040 474 198 16452 32366
5048 1105.76 361 15871 71 319 10363 4471
5040 1079.59 1872 59504 333 1006 14235 45254
5048 1105.76 373 27416 6 314 11731 15333
5040 1079.59 3866 62658 2912 904 27218 36056
5048 1105.76 1659 53587 1655 0 18495 35047
5040 1079.59 1084 61941 527 523 24315 36338
5048 1105.76 2914 41935 1661 1216 22029 19199
5040 1079.59 1157 39243 241 865 14523 24414
5048 1105.76 1134 45019 898 210 20849 22622
5040 1079.59 1193 66273 911 325 17999 46624
5048 1105.76 1955 29363 1 0 10630 17344
5040 1079.59 1346 28957 1291 163 14205 13989
5048 1105.76 2581 47988 1231 1288 12100 34045
5040 1079.59 1954 36078 1831 0 17706 17635
5048 1105.76 1403 46375 485 947 26303 20116
5040 1079.59 1282 45039 819 479 19464 24785
5048 1105.76 3011 31358 2419 714 21572 9897
5040 1079.59 1082 33480 458 608 13610 18892
5048 1105.76 2142 39192 1953 185 9542 29427
5040 1079.59 2342 47673 2279 149 26445 20397
5048 1105.76 1005 29670 624 332 11837 17568
5040 1079.59 820 29030 563 292 15521 12832
5048 1105.76 1152 37715 599 567 13276 23386
5040 1079.59 2259 44243 1546 896 18008 25680
5048 1105.76 1362 57596 1148 172 25302 32541
5040 1079.59 865 45916 489 417 17823 27746
5048 1105.76 1625 49773 1196 452 19943 29948
5040 1079.59 1227 46740 188 914 10234 35262
5048 1105.76 710 41334 20 713 13556 27933
5040 1079.59 1097 50405 820 284 33884 16311
5048 1105.76 565 27626 564 0 14119 13889
5040 1079.59 1542 71179 1275 225 27572 42631
5048 1105.76 1068 40919 549 496 16933 23049
5040 1079.59 2954 44858 1187 692 16116 28185
5048 1105.76 2064 42879 531 0 12333 31495
5040 1079.59 125 59825 130 0 17802 41801
5048 1105.76 1496 41852 928 631 18164 22237
5040 1079.59 977 54979 400 596 22581 32082
5048 1105.76 643 43838 147 476 19931 25321
5040 1079.59 901 36309 866 0 17127 18165
5048 1105.76 1632 18862 1064 467 15617 2248
5040 1079.59 750 35469 255 443 15913 19380
5048 1105.76 2928 36040 2198 665 20445 15751
5040 1079.59 466 69018 495 0 29691 40504
5048 1105.76 2753 49519 1490 1171 10923 37982
5040 1079.59 1514 59616 994 430 18913 41185
5048 1105.76 1614 54433 911 700 12098 42209
5040 1079.59 330 52188 28 316 32825 19782
5048 1105.76 1928 42170 1494 416 15519 26905
5040 1079.59 519 19939 171 244 9701 11635
5048 1105.76 2348 47038 833 1439 5382 39701
5040 1079.59 3976 50653 2306 1566 26051 23238
5048 1105.76 545 37208 487 0 20107 16045
5040 1079.59 1140 52146 684 446 29951 20053
5048 1105.76 3320 53807 1812 777 19005 33997
5040 1079.59 3540 58132 2096 1402 24694 33026
5048 1105.76 2498 42893 1661 859 18352 23002
5040 1079.59 2172 43573 141 0 18843 24266
5048 1105.76 653 46238 572 0 21919 24202
5040 1079.59 352 38353 118 186 11487 26124
5048 1105.76 1256 37510 1018 261 9955 27411
5040 1079.59 1192 40296 533 756 12968 27469
5048 1105.76 1047 30881 559 436 15817 15075
5040 1079.59 568 22444 580 0 16083 6575
5048 1105.76 304 36609 51 218 11778 25270
5040 1079.59 1781 64196 901 661 21310 41741
5048 1105.76 1240 58515 835 407 26469 34194
5040 1079.59 25 44508 62 0 14952 28674
5048 1105.76 2514 86904 1336 1333 27196 58934
5040 1079.59 990 89355 626 406 25735 63745
5048 1105.76 933 63695 519 410 18871 44709
5040 1079.59 363 29980 137 175 13705 16239
5048 1105.76 2379 39094 753 1603 13110 25719
5040 1079.59 2236 72081 674 1454 18185 53562
5048 1105.76 1479 23148 1462 0 14767 8200
5040 1079.59 672 72509 629 0 23631 49588
5048 1105.76 968 60430 431 555 27367 33259
5040 1079.59 1301 69720 444 822 32738 35360
5048 1105.76 671 42626 203 407 19685 24315
5040 1079.59 1247 59378 361 924 12983 44478
5048 1105.76 1679 20003 1444 214 9297 10551
5040 1079.59 843 53528 15 783 25214 29264
5048 1105.76 1168 37335 1173 0 18290 19214
5040 1079.59 469 19075 405 0 12168 6001
5048 1105.76 35 31393 27 0 19791 11173
5040 1079.59 508 48357 215 267 22326 25325
5048 1105.76 2793 59195 1440 1223 13282 45410
5040 1079.59 1065 21856 953 157 16622 5341
5048 1105.76 1438 49402 904 454 16713 31640
5048 1105.76 1341 50249 536 738 20919 29455
5040 1079.59 2574 83502 1148 1442 17048 65728
5040 1079.59 1027 36634 767 252 17580 17697
5048 1105.76 1493 41526 509 805 14567 26945
5040 1079.59 961 28368 330 632 10833 17470
5048 1105.76 2259 50801 1931 379 24950 25607
5040 1079.59 72 40678 81 0 14305 27567
5048 1105.76 88 58673 79 0 15985 41340
5040 1079.59 1513 48660 1484 0 31334 16526
5048 1105.76 2009 44479 1385 663 15752 27128
5040 1079.59 1106 18731 461 0 12876 5753
5048 1105.76 489 19819 477 0 15616 4785
5040 1079.59 721 48031 596 165 24130 23671
5048 1105.76 899 23311 493 376 15671 7291
5040 1079.59 1075 109412 766 440 56328 51719
5048 1105.76 1718 34761 1761 0 13254 20362
5040 1079.59 496 44636 117 251 13555 30906
5048 1105.76 968 36792 500 472 12017 24325
5040 1079.59 950 35950 580 238 24220 11883
5048 1105.76 4542 55974 3369 902 10612 43757
5040 1079.59 1886 44455 803 1007 14618 30081
5048 1105.76 126 39647 136 0 9885 30271
5040 1079.59 1131 68189 170 497 9965 56340
5048 1105.76 2526 66643 950 1645 14588 51776
5040 1079.59 1203 57756 696 518 21774 35081
5048 1105.76 3670 34514 350 1088 10853 23349
5040 1079.59 2253 33475 1536 601 20056 12214
5048 1105.76 1100 39959 0 1038 21574 18259
5040 1079.59 1409 44905 819 496 13322 30231
5048 1105.76 1713 41693 636 1081 10257 31355
5040 1079.59 1188 40329 954 241 8014 32910
5048 1105.76 551 25821 63 449 10253 15643
5040 1079.59 1114 29103 87 1026 14184 14852
5048 1105.76 1453 34193 1071 365 14086 21611
5040 1079.59 1809 35654 567 416 13481 20122
5048 1105.76 2541 39535 1673 924 12736 26452
5040 1079.59 628 55597 28 575 7869 48227
5048 1105.76 801 23371 475 0 8555 14606
5040 1079.59 1498 39290 491 1058 10046 28409
5048 1105.76 517 56095 514 0 15601 41240
5040 1079.59 2395 60651 1407 892 17990 42230
5048 1105.76 386 47916 10 353 13968 35825
5040 1079.59 461 24307 271 256 11725 11631
5048 1105.76 1113 58873 272 845 15810 42793
#station_id r_mc scin_hg_tot_sig wcd_hg_tot_sig scin_hg_em_sig scin_hg_mu_sig wcd_hg_em_sig wcd_hg_mu_sig
5040 1079.59 1116 41747 930 171 11890 30306
5048 1105.76 657 26572 658 0 8747 18007
5040 1079.59 287 27207 327 0 22985 4866
5048 1105.76 2596 45943 1909 356 14428 30322
5040 1079.59 1712 36845 1572 0 13038 24147
5048 1105.76 1444 56439 563 894 38181 18965
5040 1079.59 617 33422 396 289 27038 6056
5048 1105.76 408 48819 122 204 13273 34266
5040 1079.59 1524 42913 232 1270 11342 30418
5048 1105.76 309 21402 8 323 12894 8816
5040 1079.59 1885 68904 1339 576 17055 51810
5048 1105.76 443 34948 143 197 15231 18636
5040 1079.59 524 32857 380 196 11934 19131
5048 1105.76 1771 28329 1210 595 10657 18158
5040 1079.59 1596 88882 1535 174 29573 59529
5048 1105.76 1338 71288 998 196 36662 32947
5040 1079.59 2144 57846 1689 532 27957 30468
5048 1105.76 1591 31591 1135 456 16083 15112
5040 1079.59 2211 41787 1503 608 15818 25909
5048 1105.76 821 38366 591 213 12215 25738
5040 1079.59 352 48390 216 208 19688 27725
5048 1105.76 1032 29601 801 217 19872 9039
5040 1079.59 3267 54624 2799 488 13698 39535
5048 1105.76 634 34212 80 452 10538 23698
5040 1079.59 386 38004 121 238 9783 28675
5048 1105.76 396 52521 188 179 25081 28119
5040 1079.59 1637 45028 319 1214 22518 24219
5048 1105.76 394 33862 167 173 17838 16117
5040 1079.59 2441 65959 1756 624 29727 36152
5048 1105.76 3010 39462 2686 192 26243 12710
5040 1079.59 1074 51014 751 239 27894 23203
5048 1105.76 1023 38174 88 905 14574 23363
5040 1079.59 1318 51990 611 641 15664 35696
5048 1105.76 1645 50683 1407 261 14137 36371
5040 1079.59 1289 67505 462 760 14352 52685
5048 1105.76 1275 27004 758 554 15464 11414
5040 1079.59 844 23495 651 254 12919 10333
5048 1105.76 1290 31151 508 701 12001 19538
5040 1079.59 1201 13413 928 293 9323 4320
5048 1105.76 2369 64027 1711 588 14586 49243
5040 1079.59 1637 48199 786 836 14928 32997
5048 1105.76 818 29715 480 270 9308 20708
5040 1079.59 1283 57374 1092 227 15853 41947
5048 1105.76 656 14214 337 262 10206 3619
5040 1079.59 486 50863 239 199 23874 26714
5048 1105.76 203 47359 190 0 21478 23930
5040 1079.59 1361 77759 323 988 19173 58601
5048 1105.76 505 50822 343 210 27462 23466
5040 1079.59 986 62751 690 312 23757 38651
5048 1105.76 896 29943 90 420 24108 5305
5040 1079.59 2528 36618 2023 0 15635 19737
5048 1105.76 1018 34914 809 285 10625 22945
5040 1079.59 1844 53436 1106 738 21293 31905
5048 1105.76 712 59010 456 284 26246 33175
5040 1079.59 2472 49024 1008 305 14284 34956
5048 1105.76 1937 25546 1039 884 13243 11093
5040 1079.59 302 43444 0 266 15281 28820
5048 1105.76 1702 26510 68 1555 5591 21367
5040 1079.59 979 49679 276 634 18877 29192
5048 1105.76 297 31846 358 0 19635 11896
5040 1079.59 1036 53861 24 940 10862 42282
5048 1105.76 423 41837 439 0 14549 26415
5040 1079.59 1189 46708 886 170 29737 17857
5048 1105.76 1821 42869 1339 398 27661 15292
5040 1079.59 886 37659 658 180 17691 19816
5048 1105.76 1077 34500 1050 0 19965 14447
5040 1079.59 771 72757 3 811 19554 52438
5048 1105.76 1246 60542 354 814 14337 46031
5040 1079.59 2987 49496 1983 773 16546 32312
5048 1105.76 212 47125 195 0 14995 33050
5040 1079.59 2660 36438 2019 638 20366 16059
5048 1105.76 1554 72430 882 641 23760 48745
5040 1079.59 1685 54369 1166 563 22100 31143
5048 1105.76 1582 35606 1324 208 17377 18162
5040 1079.59 2728 40872 2103 585 9555 30707
5048 1105.76 2326 25381 1290 0 11040 14157
5040 1079.59 1852 24179 1519 270 16963 6920
5048 1105.76 690 32603 519 240 15129 18520
5040 1079.59 1462 34406 779 581 14185 19884
5048 1105.76 1058 28128 780 349 15691 10815
5040 1079.59 1549 24162 603 925 9482 13991
5048 1105.76 976 37724 259 670 15162 23212
5040 1079.59 1405 55254 885 492 21204 31664
5048 1105.76 2542 34924 1383 1050 21656 13891
5040 1079.59 1562 32684 1320 227 15156 17637
5048 1105.76 983 76792 78 931 22226 53499
5040 1079.59 1986 62658 1494 434 22866 40472
5048 1105.76 4187 29767 288 762 23551 6244
5040 1079.59 3320 48655 1005 1518 19629 28507
5048 1105.76 530 26075 541 0 18783 7057
5040 1079.59 1440 43742 661 767 13333 29908
5048 1105.76 730 26886 697 0 15524 12018
5040 1079.59 933 50002 528 485 16639 32712
5048 1105.76 515 28141 67 427 17397 10977
5040 1079.59 1466 49720 761 605 19393 29929
5048 1105.76 2147 24803 739 584 10954 13248
5040 1079.59 772 60095 516 243 8322 51230
5048 1105.76 505 32640 187 360 12775 17376
5040 1079.59 1478 48886 1082 353 28169 21069
5048 1105.76 1221 48153 46 1065 14335 32519
5040 1079.59 1278 36530 642 530 16790 19429
5048 1105.76 451 32352 505 0 9586 22681
5040 1079.59 1227 32821 888 264 9183 23830
5048 1105.76 1338 11068 59 0 5526 5364
5040 1079.59 3026 35885 2802 191 25415 10400
5048 1105.76 1499 67153 359 1213 29170 39038
5040 1079.59 1698 58810 1643 0 13168 47025
5048 1105.76 1006 44482 256 702 11583 31346
5040 1079.59 1985 79302 1614 447 38157 38790
5048 1105.76 2730 58016 899 1869 20249 39168
5040 1079.59 3005 67477 2266 777 23371 44608
5048 1105.76 1438 24212 853 467 14607 9439
5040 1079.59 2459 37055 924 1436 13946 23151
5048 1105.76 3689 54481 350 1196 17918 35862
5040 1079.59 1692 44895 846 845 18908 25259
5048 1105.76 647 42091 409 279 11766 29655
5040 1079.59 2341 62437 522 1775 14207 47491
5048 1105.76 910 62829 191 756 25004 38632
5040 1079.59 2834 65199 1778 1072 19026 45580
5048 1105.76 1592 46661 1436 128 12152 33818
5040 1079.59 1167 26973 782 279 13763 12375
5048 1105.76 1438 22682 1415 64 9741 12215
5040 1079.59 1664 76125 1133 546 28479 48790
5048 1105.76 753 29161 457 297 24009 4439
5040 1079.59 1501 61858 61 1329 34198 28326
5048 1105.76 3344 46345 2530 783 17582 28593
5040 1079.59 2840 63542 457 2316 30447 33271
5048 1105.76 323 54751 13 215 21203 33069
5040 1079.59 427 46019 91 314 25445 19324
5048 1105.76 2223 55413 1652 578 14700 40612
5040 1079.59 2234 80648 1098 1030 30751 48686
5048 1105.76 1235 33385 690 612 19009 13382
5040 1079.59 2361 41202 1418 774 24129 17049
5048 1105.76 2580 55348 1989 593 29051 26094
5040 1079.59 682 12976 689 0 8603 4266
5048 1105.76 520 44438 198 268 16397 28156
5040 1079.59 1405 59351 637 720 24992 34049
5048 1105.76 1467 45040 338 1116 16652 30521
5040 1079.59 1159 46775 723 384 23171 22796
5048 1105.76 1016 46661 773 298 13916 33120
5040 1079.59 1633 46234 893 722 22884 23242
5048 1105.76 2085 32781 1598 452 13166 19005
5040 1079.59 1276 38384 812 473 12156 26548
5048 1105.76 1874 31268 1491 354 8910 23149
5040 1079.59 1423 38339 194 1248 14988 23293
5048 1105.76 1144 44677 8 1201 12225 32204
5040 1079.59 737 48060 704 0 31155 16739
5048 1105.76 1619 53315 896 792 11716 41520
5040 1079.59 2882 57250 1871 953 22169 36564
5048 1105.76 1403 39981 934 409 11203 28011
5040 1079.59 1074 43596 1004 176 22952 19247
5048 1105.76 1091 45054 774 331 16411 27381
5040 1079.59 660 44407 600 0 16352 28139
5048 1105.76 249 55395 49 177 33568 21673
5048 1105.76 679 31933 84 540 14879 16787
5040 1079.59 71 46100 36 0 13666 31318
5040 1079.59 767 62902 489 256 51783 10713
5048 1105.76 1842 51547 1497 375 30317 21458
5040 1079.59 930 36699 273 526 16242 20567
5048 1105.76 -1 29837 3 0 18081 12006
5040 1079.59 977 22949 690 264 13913 9033
5048 1105.76 1032 26994 546 431 15384 11801
5040 1079.59 1347 64674 269 1084 17794 45710
5048 1105.76 850 33776 225 668 16531 17276
5040 1079.59 2161 29388 711 1485 16529 11897
5048 1105.76 762 57592 774 0 27940 28470
5040 1079.59 781 45972 312 456 19092 25377
5048 1105.76 633 49874 423 231 13309 35928
5040 1079.59 1365 45499 665 620 14281 30062
5048 1105.76 1155 23521 954 0 13264 10021
5040 1079.59 445 22475 434 0 10814 10868
5048 1105.76 1374 37583 499 842 16146 21347
5040 1079.59 1598 29826 700 864 8096 21331
5048 1105.76 1944 52552 1140 824 11626 39349
5040 1079.59 1127 16235 1141 0 13183 2380
5048 1105.76 555 30438 339 267 14676 15958
5040 1079.59 2902 62832 368 503 25887 37505
5048 1105.76 2360 83520 21 0 21453 61471
5040 1079.59 533 47277 208 220 18274 28643
5048 1105.76 1484 48547 226 904 17686 31029
5040 1079.59 3046 51473 1442 1496 16912 34193
5048 1105.76 1855 42534 1539 302 15220 27808
5040 1079.59 2694 48595 1996 616 15896 31502
5048 1105.76 1350 50888 1306 0 25087 26112
5040 1079.59 638 33012 186 216 13758 18576
5048 1105.76 496 43658 219 314 11087 32445
5040 1079.59 769 35918 154 516 11794 24677
5048 1105.76 1194 45338 322 891 23971 20294
5040 1079.59 67 30412 79 0 6627 22942
5048 1105.76 1524 25570 327 1155 8389 17138
5040 1079.59 329 42654 13 349 12467 30208
5048 1105.76 1429 42221 839 621 14479 27480
5040 1079.59 3239 44971 2083 1345 20960 23797
5048 1105.76 777 65540 724 0 29756 36247
5040 1079.59 918 50812 794 169 35081 16735
5048 1105.76 109 51394 115 0 19310 31570
5040 1079.59 1245 53722 885 408 17962 35643
5048 1105.76 1990 42727 1765 242 22039 19895
5040 1079.59 2836 40244 1268 1025 10359 30529
5048 1105.76 1468 42518 524 932 19255 24053
5040 1079.59 1437 32042 817 533 18791 12771
5048 1105.76 1462 30094 955 361 14201 16494
5040 1079.59 2886 30930 1858 1031 11674 19204
5048 1105.76 2110 43243 2016 253 14571 27493
5040 1079.59 514 35101 589 0 18197 16988
5048 1105.76 1474 75652 708 777 38145 36957
5040 1079.59 168 57286 128 0 19358 36234
5048 1105.76 1560 36257 1322 255 25595 9647
5040 1079.59 724 47971 457 237 18761 28292
5048 1105.76 1832 31532 1349 520 16263 14017
5040 1079.59 1013 57888 809 209 22978 35086
5048 1105.76 803 34295 835 0 9914 24370
5040 1079.59 1197 49671 795 251 18964 31738
5048 1105.76 485 25357 479 0 12778 13090
5040 1079.59 1077 56791 561 568 16187 39014
5048 1105.76 698 27635 410 216 11130 17082
5040 1079.59 1466 28342 1007 425 14365 14091
5048 1105.76 299 29618 365 0 14146 14709
5040 1079.59 1427 43482 503 879 17325 24481
5048 1105.76 971 17237 604 361 11117 7039
5040 1079.59 2028 45816 1626 447 18374 28379
5048 1105.76 2435 36736 2106 221 27190 8856
5040 1079.59 1412 54454 901 457 21748 31853
5048 1105.76 732 31962 485 221 22668 8677
#station_id r_mc scin_hg_tot_sig wcd_hg_tot_sig scin_hg_em_sig scin_hg_mu_sig wcd_hg_em_sig wcd_hg_mu_sig
5048 1105.76 913 45770 959 0 17034 28702
5040 1079.59 568 41408 549 0 25627 14074
5040 1079.59 1157 77812 417 728 29007 47402
5048 1105.76 479 47928 425 0 16091 31318
5040 1079.59 3732 71187 2406 1264 22731 46307
5048 1105.76 1689 27670 797 882 14043 13218
5040 1079.59 446 23443 90 391 13866 10530
5048 1105.76 723 27838 185 466 24204 3478
5040 1079.59 2557 51663 1654 272 25627 24831
5048 1105.76 892 43195 362 453 17846 25257
5048 1105.76 1070 41027 223 798 6044 33652
5040 1079.59 444 31794 241 151 6735 24931
5040 1079.59 1556 27274 1283 283 23823 3801
5048 1105.76 2777 72834 2050 765 37965 34152
5040 1079.59 2379 60165 1501 887 12495 48361
5048 1105.76 2205 32068 1691 600 7327 24125
5040 1079.59 227 36153 220 0 18229 17366
5048 1105.76 674 56452 694 0 23294 31816
5040 1079.59 678 59903 652 0 18855 40517
5048 1105.76 534 31052 287 307 22713 9045
5040 1079.59 1829 51997 433 1401 19558 32294
5048 1105.76 687 40924 154 439 10721 29079
5040 1079.59 1871 42594 606 1176 21753 19820
5048 1105.76 1701 70160 672 1014 22138 47321
5040 1079.59 2223 60738 1301 761 25562 34721
5048 1105.76 386 27759 371 0 19314 8548
5040 1079.59 1096 27660 496 544 8575 18452
5048 1105.76 1602 31064 1194 464 14618 16439
5040 1079.59 537 36996 312 231 19162 16832
5048 1105.76 1769 33019 1522 254 12780 19210
5040 1079.59 1494 28159 1283 192 8031 20415
5048 1105.76 1132 55128 188 875 12480 42148
5040 1079.59 1216 36664 348 747 7996 29449
5048 1105.76 1009 38631 913 0 18108 19017
5040 1079.59 1759 33440 1066 719 16121 16804
5048 1105.76 1765 26320 1149 661 13453 12847
5040 1079.59 830 33929 355 467 7164 26109
5048 1105.76 525 41596 503 0 12400 28560
5040 1079.59 302 63273 300 0 21522 41145
5048 1105.76 964 43386 524 386 21750 20060
5040 1079.59 776 43359 696 0 23884 19308
5048 1105.76 1418 36847 1332 0 17339 19101
5040 1079.59 2148 58137 1179 871 27279 31104
5048 1105.76 1141 70327 843 280 22854 46981
5040 1079.59 1212 35954 960 250 12124 23148
5048 1105.76 851 51424 397 453 12039 39042
5040 1079.59 658 37740 22 598 25215 12168
5048 1105.76 848 41374 368 0 25411 14923
5040 1079.59 2463 40534 2200 211 16228 24412
5048 1105.76 2683 43770 1102 1572 13781 29776
5040 1079.59 2604 51227 916 1631 21393 27678
5048 1105.76 866 36995 346 475 9807 26469
5040 1079.59 513 39806 227 305 10737 28725
5048 1105.76 622 44242 432 206 18049 25830
5040 1079.59 1620 44451 92 1552 21090 23616
5048 1105.76 733 47318 430 260 20846 26030
5040 1079.59 860 36852 2 819 9885 26490
5048 1105.76 1429 39622 672 731 16075 23794
5040 1079.59 907 31028 308 554 17740 13413
5048 1105.76 751 28482 341 433 16712 12463
5040 1079.59 1196 56381 861 374 16951 39826
5048 1105.76 1273 42151 1014 209 22677 19309
5040 1079.59 3674 57720 2027 1714 35727 21958
5048 1105.76 1629 40529 636 1084 15045 24510
5040 1079.59 1117 48813 455 583 26601 22404
5048 1105.76 1458 53020 505 899 24572 26942
5040 1079.59 171 45062 33 0 14384 30612
5048 1105.76 746 38321 510 278 17431 21507
5040 1079.59 1134 90915 764 393 23504 66858
5048 1105.76 144 17271 118 0 13626 3500
5040 1079.59 996 46997 410 568 23378 24533
5048 1105.76 19 31459 55 0 10680 20846
5040 1079.59 502 58826 247 232 17283 40704
5048 1105.76 827 71772 544 226 15515 55639
5040 1079.59 825 35970 591 135 17149 18491
5048 1105.76 281 67822 0 214 18141 49801
5040 1079.59 1439 42684 1091 286 26551 14792
5048 1105.76 540 30987 568 0 20334 10630
5040 1079.59 1888 76767 1108 630 36077 41382
5048 1105.76 1568 47923 585 949 12460 35335
5040 1079.59 714 86832 148 594 13008 72364
5048 1105.76 854 56759 316 460 17629 37794
5040 1079.59 1698 51228 887 792 35465 14784
5048 1105.76 1052 39169 1038 0 16766 22040
5040 1079.59 956 44673 904 0 11225 32915
5048 1105.76 1096 32880 518 522 11371 21802
5040 1079.59 1616 35787 1400 240 16982 18537
5048 1105.76 1128 46274 14 1066 21742 24327
5040 1079.59 2157 27837 1495 667 20863 7194
5048 1105.76 724 23131 200 531 17868 4883
5040 1079.59 1943 39295 1361 507 24555 16535
5048 1105.76 950 37621 701 332 14997 22461
5040 1079.59 495 53700 514 0 17202 37094
5048 1105.76 390 32480 338 0 29583 2223
5040 1079.59 507 39245 233 229 21334 17727
5048 1105.76 724 52893 299 407 16705 36104
5040 1079.59 1251 46321 972 417 21515 24233
5048 1105.76 1644 49314 1632 0 17745 30268
5040 1079.59 611 45148 615 0 18318 26571
5048 1105.76 67 36776 47 0 15812 20416
5040 1079.59 1275 51085 2 1261 24727 27535
5048 1105.76 2551 37112 2131 373 26193 11565
5040 1079.59 1402 45366 999 410 19033 26632
5048 1105.76 1148 38749 547 533 11869 26471
5040 1079.59 1212 26471 1224 0 5810 19646
5048 1105.76 2251 41188 1548 610 7059 33237
5040 1079.59 1965 36733 1555 419 21607 14870
5048 1105.76 2268 42206 2121 0 13372 27323
5040 1079.59 1994 42622 1795 195 16895 25191
5048 1105.76 1495 34395 611 903 16249 18233
5040 1079.59 1156 36881 665 431 14124 22865
5048 1105.76 2358 42427 1730 631 25061 16515
5040 1079.59 1632 36459 1361 294 18491 18827
5048 1105.76 748 41379 93 602 12331 28378
5040 1079.59 223 23873 166 0 13712 10179
5048 1105.76 1945 38427 233 1663 12844 24773
5040 1079.59 2168 30945 2241 0 15735 14535
5048 1105.76 1359 66233 1251 220 26374 39452
5040 1079.59 1674 49944 597 999 13693 36787
5048 1105.76 716 34557 806 0 14366 19062
5040 1079.59 1014 36216 977 0 16849 19603
5048 1105.76 1020 40578 734 217 11588 28900
5040 1079.59 660 27353 0 717 15445 11451
5048 1105.76 1025 24062 52 993 12715 11310
5040 1079.59 53 80732 42 0 11547 70319
5048 1105.76 2086 41465 1558 467 9448 32529
5040 1079.59 1648 46819 638 905 8815 38502
5048 1105.76 1420 31820 680 663 13067 18579
5040 1079.59 1162 61943 571 648 31206 31499
5048 1105.76 415 35781 0 565 17335 17398
5040 1079.59 2801 58552 1186 1371 21523 36350
5048 1105.76 851 50831 208 551 12817 39210
5040 1079.59 1905 65783 550 1396 20767 44730
5048 1105.76 602 39516 629 0 22432 17247
5040 1079.59 1045 24410 865 227 18110 6168
5048 1105.76 1502 51416 1188 257 18227 32658
5040 1079.59 4066 58212 856 1196 14855 43073
5048 1105.76 978 36244 651 290 20164 16792
5040 1079.59 932 15974 959 0 14409 1397
5048 1105.76 1115 26325 461 585 12880 12315
5040 1079.59 1059 43557 959 0 25722 17295
5048 1105.76 690 44107 182 472 8985 34677
5040 1079.59 799 37949 190 656 11067 27829
5048 1105.76 183 22158 11 255 11853 10172
5040 1079.59 644 49814 231 423 20002 29540
5048 1105.76 1372 54564 164 1169 29236 25957
5040 1079.59 2371 47233 1939 384 14439 31998
5048 1105.76 855 29313 43 751 13843 15124
5040 1079.59 1529 60019 312 1133 17653 44096
5048 1105.76 5195 16385 864 1269 11745 5312
5040 1079.59 1369 29353 999 206 14793 14826
5048 1105.76 285 35496 270 0 15717 19498
5040 1079.59 886 66655 111 722 13691 51518
5048 1105.76 1399 29672 132 1229 10426 18789
5040 1079.59 1743 53451 1186 423 20929 32382
5048 1105.76 1014 51166 379 644 16287 33499
5040 1079.59 1078 55816 708 343 23737 31870
5048 1105.76 203 25109 219 0 10781 14503
5040 1079.59 4189 81530 2134 1866 17837 63824
5048 1105.76 1347 50466 286 1047 12214 38391
5040 1079.59 811 41705 590 238 18951 22892
5048 1105.76 1734 39403 1473 0 18559 21199
5040 1079.59 662 36470 404 297 14927 21896
5048 1105.76 409 33062 399 0 16847 16489
5040 1079.59 1752 56257 994 729 32451 22058
5048 1105.76 1262 49249 1334 0 23731 25331
5040 1079.59 948 47848 606 249 25094 22484
5048 1105.76 839 49253 914 0 26279 22526
5040 1079.59 1805 23052 1179 479 12685 9751
5048 1105.76 1302 39969 759 512 17912 23744
5048 1105.76 2487 49180 1674 717 14868 34296
5040 1079.59 2464 49162 1302 1145 23590 24459
5040 1079.59 1080 27958 424 624 14391 13143
5048 1105.76 1013 38996 830 199 10783 27223
5040 1079.59 1036 26465 911 0 13329 13349
5048 1105.76 2201 89334 1802 504 54764 35569
5040 1079.59 2785 62107 812 55 25767 36860
5048 1105.76 613 60561 84 691 14762 46292
5040 1079.59 1224 36059 499 703 11552 24794
5048 1105.76 2305 45415 1423 902 10422 34620
5040 1079.59 850 35483 291 512 15006 20532
5048 1105.76 1690 34604 291 701 12079 20862
5040 1079.59 735 45481 496 214 29250 16776
5048 1105.76 2802 32369 1574 1264 11184 21752
5040 1079.59 731 30092 438 329 16865 13092
5048 1105.76 1193 48712 826 349 14951 32355
5040 1079.59 1304 19229 1134 223 13370 6317
5048 1105.76 1274 33022 653 538 12180 21366
5040 1079.59 1048 57877 442 603 16976 38918
5048 1105.76 2771 41335 1924 620 17723 23867
5040 1079.59 474 20311 217 203 7725 13005
5048 1105.76 1590 25091 591 0 15972 9064
5040 1079.59 430 51700 28 447 18633 32329
5048 1105.76 655 26601 455 193 16541 10028
5040 1079.59 2473 48944 2134 351 18518 30841
5048 1105.76 965 30828 744 271 16249 13548
5040 1079.59 2303 46361 1125 1128 17035 29333
5048 1105.76 3261 79184 884 2268 21228 57849
5040 1079.59 1565 22696 647 922 8404 14130
5048 1105.76 982 55099 116 914 13744 43615
5040 1079.59 610 34543 102 496 12251 22758
5048 1105.76 1631 33916 1391 248 22051 12051
5040 1079.59 1767 59120 1466 222 15796 42495
5048 1105.76 420 26711 11 400 11587 13082
5040 1079.59 2286 50128 1521 786 20619 29601
5048 1105.76 544 47515 27 551 27461 19957
5040 1079.59 996 43763 637 305 24064 19155
5048 1105.76 816 54827 525 221 17724 35998
5040 1079.59 2253 39956 1656 809 12243 27477
5048 1105.76 728 59806 84 547 15934 43163
5040 1079.59 2463 43510 1795 702 24207 17912
5048 1105.76 406 30425 399 0 14457 15736
5040 1079.59 1345 94029 793 615 41821 51550
5048 1105.76 1241 57018 146 1051 25585 30506
5040 1079.59 2706 75245 1699 925 41285 32395
5048 1105.76 1300 51783 476 728 21250 28752
5040 1079.59 1027 52126 576 389 35138 16457
5048 1105.76 1801 60634 709 1002 15264 45771
5040 1079.59 1967 50333 538 1340 22279 27835
5048 1105.76 1123 44205 1102 0 18656 24860
5040 1079.59 1610 53337 576 992 22240 31730
5048 1105.76 2597 46639 1640 873 24609 21792
5040 1079.59 57 48659 15 0 36282 13738
5048 1105.76 397 40668 211 203 15948 24774
#station_id r_mc scin_hg_tot_sig wcd_hg_tot_sig scin_hg_em_sig scin_hg_mu_sig wcd_hg_em_sig wcd_hg_mu_sig
5040 1079.59 2361 51826 1675 727 25137 26993
5048 1105.76 905 42299 147 831 17459 25506
5040 1079.59 646 42414 635 0 13237 28284
5048 1105.76 1422 35006 691 689 17736 16778
5040 1079.59 1315 47143 37 1378 15951 31622
5048 1105.76 1372 28097 358 1002 16173 10200
5040 1079.59 1217 63001 307 948 10763 52528
5048 1105.76 779 52569 736 0 28234 25456
5040 1079.59 209 56114 166 0 22075 34618
5048 1105.76 1054 35760 224 846 18110 16720
5040 1079.59 1370 59144 1370 0 26199 33386
5048 1105.76 2195 74036 1758 428 24831 48266
5040 1079.59 2143 28064 1005 517 9593 17899
5048 1105.76 4 13015 17 0 8940 4180
5040 1079.59 1769 50783 1296 446 16305 33525
5048 1105.76 636 55558 288 260 21693 33557
5040 1079.59 1107 50868 1155 0 19296 31623
5048 1105.76 30 35299 26 0 11974 22653
5040 1079.59 1139 59034 678 462 13494 45538
5048 1105.76 1490 69636 629 796 18266 49620
5040 1079.59 378 68593 361 0 26940 40905
5048 1105.76 1587 44203 604 894 20955 22530
5040 1079.59 1792 49024 1434 344 18054 30134
5048 1105.76 708 55565 395 278 14417 40878
5040 1079.59 1310 42485 648 0 8553 34104
5048 1105.76 950 96313 63 819 19084 77501
5040 1079.59 514 47080 505 0 12605 34987
5048 1105.76 630 39647 570 0 11838 26847
5040 1079.59 785 29324 645 189 11321 17732
5048 1105.76 1791 48726 378 1437 9631 38495
5040 1079.59 1759 25320 1443 0 14917 11030
5048 1105.76 628 23149 634 0 7431 15833
5040 1079.59 948 36928 127 800 17271 18919
5048 1105.76 854 41764 343 509 15415 25366
5040 1079.59 1872 88025 246 1616 21056 66000
5048 1105.76 2063 63380 1090 986 17515 43753
5040 1079.59 2354 55032 1693 660 17586 37191
5048 1105.76 1314 19171 608 582 12897 7110
5040 1079.59 398 40046 414 0 26760 12684
5048 1105.76 681 18724 658 0 9802 8920
5040 1079.59 911 48596 201 745 25597 22248
5048 1105.76 540 37534 280 285 16395 20705
5040 1079.59 621 37812 581 11 16225 20854
5048 1105.76 1706 34339 1104 644 23266 11709
5040 1079.59 763 55058 378 401 25015 29556
5048 1105.76 176 19594 182 0 11155 8504
5040 1079.59 1921 56929 1219 547 17255 40100
5048 1105.76 418 38150 313 0 20532 17725
5040 1079.59 623 39010 616 0 10193 28875
5048 1105.76 771 32781 195 544 12695 20433
5040 1079.59 1951 74988 591 1207 16323 55750
5048 1105.76 2268 86107 490 1659 21286 63847
5040 1079.59 518 33222 1 527 13943 19449
5048 1105.76 640 9611 168 463 9653 0
5040 1079.59 2685 52886 1534 1212 24900 27841
5048 1105.76 1598 62069 1216 367 20425 41043
5040 1079.59 5405 70682 1479 1374 16945 53552
5048 1105.76 1718 47943 433 1308 16230 32804
5040 1079.59 1353 35363 648 734 20255 14860
5048 1105.76 2012 33234 1695 321 6754 25078
5040 1079.59 2982 38989 1209 1797 19813 18148
5048 1105.76 1256 50906 433 727 23844 27204
5040 1079.59 1198 25630 970 182 10120 15096
5048 1105.76 940 28197 1018 0 16135 12168
5040 1079.59 661 35544 381 234 7149 29043
5048 1105.76 2116 42203 730 1393 27108 15504
5040 1079.59 2833 66420 785 2005 17375 47609
5048 1105.76 789 41132 739 0 21321 20135
5040 1079.59 5845 28511 728 0 16992 10866
5048 1105.76 702 39846 186 478 7620 30969
5040 1079.59 2386 76709 547 1765 24626 50190
5048 1105.76 1134 46948 670 486 19431 28194
5040 1079.59 1847 32722 1116 782 11529 21001
5048 1105.76 709 46181 494 235 25958 19672
5040 1079.59 864 45404 654 231 20025 25674
5048 1105.76 175 55685 10 202 17622 37684
5040 1079.59 1967 69233 1132 859 22080 47290
5048 1105.76 838 70737 768 0 36458 31713
5040 1079.59 1011 43319 688 323 14580 28489
5048 1105.76 906 29003 404 423 14411 13938
5040 1079.59 1619 43466 248 1224 17041 26907
5048 1105.76 1731 67846 1002 754 13498 53475
5040 1079.59 1144 64054 902 238 35559 28194
5048 1105.76 1007 35590 1009 0 13676 21597
5048 1105.76 3265 17105 3245 0 12517 4005
5040 1079.59 3908 47199 3195 628 19001 27017
5040 1079.59 298 45341 38 257 21655 22810
5048 1105.76 273 42589 217 0 15038 27251
5040 1079.59 871 74500 311 601 24781 49290
5048 1105.76 1852 41737 360 1535 12454 30869
5040 1079.59 2 51758 37 0 13598 37086
5048 1105.76 890 29213 126 227 12047 16590
5040 1079.59 1105 25620 1137 0 14227 11450
5048 1105.76 1155 38399 671 418 14349 23981
5040 1079.59 1031 38520 546 429 22993 15973
5048 1105.76 1005 37106 48 937 16138 19840
5040 1079.59 1342 48612 473 829 17174 31910
5048 1105.76 858 28655 556 336 10416 17969
5040 1079.59 1139 43973 742 412 19274 23647
5048 1105.76 1024 46341 129 914 16151 29595
5040 1079.59 450 29937 159 308 11025 18474
5048 1105.76 687 57730 464 196 12555 44741
5040 1079.59 922 45192 415 464 11763 32530
5048 1105.76 1033 45057 679 283 16351 27835
5040 1079.59 1241 50700 335 468 33449 16704
5048 1105.76 830 42871 776 0 32619 8819
5040 1079.59 1434 44386 512 905 27784 18021
5048 1105.76 3006 55002 1119 1289 15944 38988
5040 1079.59 1729 51050 1193 316 20866 30241
5048 1105.76 2548 64704 944 1584 20488 43125
5040 1079.59 802 42608 845 0 16869 24619
5048 1105.76 1121 32469 732 263 13292 17598
5040 1079.59 2528 46515 798 1618 15211 32014
5048 1105.76 1729 40374 562 1129 12509 27908
5040 1079.59 1851 43787 353 1437 11034 31764
5048 1105.76 1782 28218 947 818 4672 23386
5040 1079.59 1353 19598 1354 0 13148 5996
5048 1105.76 1141 19693 1165 0 15749 4315
5040 1079.59 1695 47690 19 1595 13114 34034
5048 1105.76 4361 53919 2475 1364 19513 34023
5040 1079.59 843 44819 512 313 32266 13195
5048 1105.76 695 36346 95 637 15109 20910
5040 1079.59 1476 21613 1062 503 10728 10658
5048 1105.76 379 24337 336 0 15904 8787
5040 1079.59 2064 65317 1385 757 16916 48971
5048 1105.76 843 54017 80 753 16639 37377
5040 1079.59 1801 59434 255 1425 33883 25974
5048 1105.76 1910 50841 892 975 18790 31568
5040 1079.59 1825 43468 678 1041 19373 24225
5048 1105.76 584 22052 157 528 12752 8813
5040 1079.59 1849 22188 1824 0 16579 4389
5048 1105.76 1221 27645 974 257 16234 10304
5040 1079.59 2110 83779 1201 900 37171 46964
5048 1105.76 1074 19525 851 219 15774 4258
5040 1079.59 641 41786 190 531 15890 25931
5048 1105.76 961 41057 275 676 10083 32021
5040 1079.59 9 56828 61 0 13992 43248
5048 1105.76 2092 38218 746 1353 15273 22706
5040 1079.59 1526 26764 1046 438 12749 14318
5048 1105.76 2230 49533 812 1333 15023 34118
5040 1079.59 281 32165 251 0 15544 16634
5048 1105.76 1685 56363 1166 461 15925 39081
5040 1079.59 2558 51215 2451 0 21225 28366
5048 1105.76 856 47532 835 0 21319 25913
5040 1079.59 279 39747 294 0 25366 13621
5048 1105.76 228 17302 267 0 7464 9647
5040 1079.59 1655 41072 1118 567 28764 11980
5048 1105.76 1085 21695 1149 0 16026 5946
5040 1079.59 994 52927 246 742 21020 30608
5048 1105.76 1323 56904 1045 254 16045 41430
5040 1079.59 1781 43976 1673 156 17458 25289
5048 1105.76 773 27305 214 534 14282 12761
5040 1079.59 1484 55714 45 468 16828 39097
5048 1105.76 2619 43377 1545 994 21422 21857
5040 1079.59 625 49440 159 429 11674 37164
5048 1105.76 1193 48632 920 202 24020 25110
5040 1079.59 1799 40796 1264 519 21610 19627
5048 1105.76 743 30065 673 0 13560 15994
5040 1079.59 1444 51294 1312 214 34860 15731
5048 1105.76 94 44729 95 0 22789 20310
5040 1079.59 1426 38169 1465 0 20705 17863
5048 1105.76 589 19145 392 185 10431 7621
5040 1079.59 436 27800 279 139 14861 13615
5048 1105.76 3141 57648 1534 1684 13956 43545
5040 1079.59 2007 55202 725 1198 18300 35411
5048 1105.76 610 27458 590 0 13180 14219
5040 1079.59 1118 50657 1080 0 20499 29942
5048 1105.76 660 31222 264 394 18741 11049
5040 1079.59 1364 45135 139 1124 14506 29948
5048 1105.76 1027 52331 449 533 18061 33046
5040 1079.59 1863 55809 745 1001 13415 42885
5048 1105.76 1350 63748 174 1120 11714 51433
5040 1079.59 2965 26612 1771 1257 19662 6496
5048 1105.76 1024 56598 0 1015 15128 39604
5040 1079.59 2869 51735 2855 0 38889 12091
5048 1105.76 2240 69192 1590 670 44220 24773
5040 1079.59 277 38534 312 0 23599 14711
5048 1105.76 519 50275 550 0 16183 33098
5040 1079.59 1166 44722 1097 0 19019 26923
5048 1105.76 1440 69897 378 1092 21387 47329
5040 1079.59 781 47956 541 212 29375 18073
5048 1105.76 1717 40447 1191 548 15706 24706
5040 1079.59 1180 58447 209 940 23747 33981
5048 1105.76 661 28008 263 419 8573 19432
5040 1079.59 521 46561 520 0 13826 33186
5048 1105.76 368 34911 366 0 28483 6967
5040 1079.59 671 29325 261 364 16591 11243
5048 1105.76 524 35615 490 0 10197 23837
5040 1079.59 1568 50908 620 943 13745 36712
5048 1105.76 67 44088 99 0 10958 33165
5040 1079.59 1161 26244 905 191 13791 12485
5048 1105.76 2001 40144 1870 214 15046 24174
5040 1079.59 1589 71488 868 772 8467 61003
5048 1105.76 1131 42952 906 221 7263 35508
5040 1079.59 380 34400 177 175 19683 13748
5048 1105.76 516 14229 511 0 10536 3210
5040 1079.59 1299 28905 1104 244 22089 6690
5048 1105.76 -23 40665 0 0 17607 22257
5040 1079.59 559 49422 370 259 19687 29634
5048 1105.76 1836 33298 1291 635 11539 22479
5040 1079.59 1154 56984 736 371 28750 27717
5048 1105.76 998 23732 914 0 13746 9226
5040 1079.59 3153 67772 1481 1595 32263 34079
5048 1105.76 783 32848 0 732 16000 16944
5040 1079.59 1748 70070 54 1675 25996 43097
5048 1105.76 1458 26924 1116 320 10809 16120
5040 1079.59 720 53472 341 418 13378 40675
5048 1105.76 1219 36904 1283 0 19822 15975
5040 1079.59 1561 45153 507 1019 12642 32581
5048 1105.76 1081 32218 250 781 17568 14104
5040 1079.59 2171 90037 376 1753 22269 68905
5048 1105.76 715 45734 566 162 22877 23713
5040 1079.59 3303 49910 391 1638 15635 34847
5048 1105.76 1627 19529 1685 0 18150 1566
5040 1079.59 843 38626 95 658 13060 25483
5048 1105.76 367 71695 119 171 15127 56341
5040 1079.59 1438 45591 217 857 9582 36797
5048 1105.76 2097 48127 631 1462 11661 36870
5040 1079.59 1017 36499 641 419 14383 22673
5048 1105.76 1067 46329 576 416 10466 34576
5040 1079.59 1670 45980 1699 0 18971 25985
5048 1105.76 1917 41964 1727 230 16835 26255
5040 1079.59 111 23072 122 0 10119 12126
5048 1105.76 1033 41779 206 747 16882 24584
