#station_id r_mc scin_hg_tot_sig wcd_hg_tot_sig scin_hg_em_sig scin_hg_mu_sig wcd_hg_em_sig wcd_hg_mu_sig
5040 1843.72 200 7461 104 0 3091 4640
5048 1846.5 55 2746 56 0 2367 0
5040 1843.72 125 11910 174 0 2863 9096
5048 1846.5 0 7177 0 0 3025 4218
5040 1843.72 476 7215 210 228 522 7219
5048 1846.5 209 5300 0 214 4744 277
5040 1843.72 159 10147 179 0 3524 6484
5048 1846.5 0 4626 0 0 1409 3509
5040 1843.72 447 19161 401 0 18667 0
5048 1846.5 -37 1263 5 0 1369 0
5040 1843.72 0 2967 0 0 2975 0
5048 1846.5 224 16614 0 134 6149 10666
5040 1843.72 0 7978 0 0 1116 6345
5048 1846.5 0 2287 0 0 2359 0
5040 1843.72 51 4247 4 0 1425 2732
5048 1846.5 0 2489 0 0 2822 0
5040 1843.72 13 3972 33 0 581 2984
5048 1846.5 324 9675 283 0 3569 6052
5040 1843.72 980 3186 145 848 523 2801
5048 1846.5 204 6384 272 0 659 5689
5040 1843.72 232 9077 212 0 3146 5363
5048 1846.5 626 11572 340 286 1157 10230
5040 1843.72 229 4714 202 0 4964 0
5048 1846.5 -4 4999 2 0 4010 1072
5040 1843.72 8 5719 1 0 422 4737
5048 1846.5 475 6549 510 0 5216 1299
5040 1843.72 186 1920 191 0 2010 0
5048 1846.5 0 1042 0 0 811 0
5040 1843.72 0 7192 0 0 6722 0
5048 1846.5 4 1374 8 0 891 347
5040 1843.72 0 3549 0 0 2551 1157
5048 1846.5 0 7329 0 0 6852 0
5040 1843.72 246 1263 257 0 1217 0
5048 1846.5 313 8764 215 171 1012 7528
5040 1843.72 0 2619 0 0 2519 0
5048 1846.5 0 1643 0 0 1591 0
5040 1843.72 3461 7486 0 0 6038 1311
5048 1846.5 0 1177 0 0 845 268
5040 1843.72 392 7732 0 349 6539 1247
5048 1846.5 1475 33116 1089 326 14505 18332
5040 1843.72 300 15858 1 312 751 15301
5048 1846.5 287 3119 308 0 911 2287
5040 1843.72 191 21806 135 0 17914 3066
5048 1846.5 0 1424 0 0 1231 0
5040 1843.72 186 821 202 0 586 0
5048 1846.5 -4 1269 4 0 1414 0
5040 1843.72 0 326 0 0 416 0
5048 1846.5 1243 697 31 0 793 0
5040 1843.72 1038 7710 731 324 2216 5109
5048 1846.5 428 4523 457 0 3807 0
5040 1843.72 0 7936 0 0 2676 5047
5048 1846.5 40 2303 1 0 1375 836
5040 1843.72 0 6438 0 0 1285 4550
5048 1846.5 126 6394 0 126 1163 5638
5040 1843.72 48 14634 94 0 2448 11591
5048 1846.5 448 14210 0 511 2342 11786
5040 1843.72 471 3407 0 464 2691 701
5048 1846.5 130 5652 164 0 980 4943
5040 1843.72 719 12906 797 0 5894 6453
5048 1846.5 492 438 267 233 275 0
5040 1843.72 251 3074 95 190 2114 623
5048 1846.5 341 12520 277 0 1009 12061
5040 1843.72 767 28619 0 697 1324 27223
5048 1846.5 0 1121 0 0 1087 0
5040 1843.72 0 9628 0 0 3427 5702
5048 1846.5 0 3563 0 0 2151 1084
5040 1843.72 824 7681 817 0 1899 5483
5048 1846.5 -9 7374 9 0 24 6854
5040 1843.72 181 11169 162 0 3154 8034
5048 1846.5 529 1754 272 267 1173 245
5040 1843.72 484 10842 0 450 781 9855
5048 1846.5 0 4888 0 0 1407 3324
5040 1843.72 0 2401 0 0 1166 1049
5048 1846.5 434 1096 0 442 997 7
5040 1843.72 253 3835 196 0 740 3136
5048 1846.5 0 6350 0 0 1528 4271
5040 1843.72 0 8673 0 0 1636 6509
5048 1846.5 341 6311 0 288 3130 2866
5040 1843.72 95 2353 87 0 2348 0
5048 1846.5 291 6054 279 0 5683 0
5040 1843.72 260 10348 5 165 1762 8828
5048 1846.5 275 14815 36 238 5021 10125
5040 1843.72 201 4888 8 219 424 4349
5048 1846.5 24 2666 12 0 2429 0
5040 1843.72 0 9820 0 0 3778 6272
5048 1846.5 664 26453 289 371 14035 13238
5040 1843.72 62 11918 27 0 8838 2574
5048 1846.5 0 6610 0 0 809 6048
5040 1843.72 0 4882 0 0 3013 2179
5048 1846.5 2421 4092 0 0 1304 2702
5040 1843.72 0 9396 0 0 2580 6817
5048 1846.5 209 9664 187 0 2555 6988
5040 1843.72 0 3724 0 0 1371 2083
5048 1846.5 -24 12245 2 0 2902 9576
5040 1843.72 589 2705 598 0 651 1794
5048 1846.5 480 19711 0 476 1873 18493
5040 1843.72 144 4243 118 0 3968 0
5048 1846.5 810 13171 578 385 1683 11013
5040 1843.72 192 3349 180 0 3198 0
5048 1846.5 748 5006 425 269 3290 1676
5040 1843.72 365 3532 269 0 2180 1233
5048 1846.5 -14 344 44 0 344 0
5040 1843.72 53 7294 70 0 1546 6016
5048 1846.5 611 3885 0 230 2157 1529
5040 1843.72 0 7253 0 0 1810 5878
5048 1846.5 403 18319 387 0 1905 15978
5040 1843.72 39 307 11 0 359 0
5048 1846.5 0 13666 0 0 1088 13447
5040 1843.72 219 12084 22 182 7583 4578
5048 1846.5 1085 8615 988 0 3082 5263
5040 1843.72 208 9707 0 220 1424 8131
5048 1846.5 572 2467 588 0 2355 0
5048 1846.5 0 8517 0 0 553 8020
5040 1843.72 17 8467 4 0 2404 6143
5040 1843.72 0 766 0 0 646 0
5048 1846.5 914 17797 713 195 2946 14653
5040 1843.72 478 6893 262 145 1224 5989
5048 1846.5 388 8329 392 0 1145 6971
5040 1843.72 0 5415 0 0 534 4819
5048 1846.5 1030 111 10 1087 154 0
5040 1843.72 0 2782 0 0 2680 0
5048 1846.5 213 7468 0 239 2131 5181
5040 1843.72 49 7096 19 0 1266 5664
5048 1846.5 175 2871 0 159 1082 1285
5040 1843.72 -26 2058 13 0 2053 0
5048 1846.5 152 4125 169 0 3771 0
5040 1843.72 0 629 0 0 681 0
5048 1846.5 255 8238 262 0 1179 6887
5040 1843.72 527 21165 13 432 1069 20357
5048 1846.5 1177 8528 487 666 2775 5522
5040 1843.72 0 13359 0 0 5629 7924
5048 1846.5 0 2224 0 0 2197 0
5040 1843.72 713 1616 443 208 1723 0
5048 1846.5 0 5135 0 0 2407 2722
5040 1843.72 0 1200 0 0 1279 0
5048 1846.5 0 607 0 0 765 0
5040 1843.72 11 12555 0 0 835 12148
5048 1846.5 36 2660 1 0 2533 0
5040 1843.72 -3 6856 5 0 2126 4530
5048 1846.5 0 433 0 0 493 0
5040 1843.72 0 7873 0 0 4161 3601
5048 1846.5 340 6727 308 0 3296 3795
5040 1843.72 361 12575 63 232 1413 11138
5048 1846.5 53 7791 3 0 3249 4124
5040 1843.72 305 9463 0 301 6700 2640
5048 1846.5 102 7770 96 0 3829 3787
5040 1843.72 0 3986 0 0 3748 493
5048 1846.5 36 13377 48 0 2833 10175
5040 1843.72 284 18038 327 0 6417 11369
5048 1846.5 369 3292 148 207 1923 1149
5040 1843.72 0 2669 0 0 2800 0
5048 1846.5 35 4077 9 0 704 3448
5040 1843.72 36 7409 3 0 728 6935
5048 1846.5 0 9021 0 0 4132 4590
5040 1843.72 626 5976 601 0 5330 0
5048 1846.5 0 3979 0 0 2904 1294
5040 1843.72 141 13320 0 175 787 12477
5048 1846.5 0 8853 0 0 568 7508
5040 1843.72 0 3881 0 0 3822 0
5048 1846.5 493 3445 108 0 3617 0
5040 1843.72 0 5940 0 0 2874 3355
5048 1846.5 0 7346 0 0 1895 5775
5040 1843.72 29 13169 43 0 2155 10594
5048 1846.5 50 5203 57 0 1334 3688
5040 1843.72 128 13030 0 201 1709 10976
5048 1846.5 0 2275 0 0 2156 0
5040 1843.72 829 10467 381 468 315 10211
5048 1846.5 0 843 0 0 772 0
5040 1843.72 0 1747 0 0 1574 0
5048 1846.5 383 2900 304 0 320 2564
5040 1843.72 0 10612 0 0 4006 6354
5048 1846.5 402 5399 347 0 5174 0
#station_id r_mc scin_hg_tot_sig wcd_hg_tot_sig scin_hg_em_sig scin_hg_mu_sig wcd_hg_em_sig wcd_hg_mu_sig
5040 1843.72 294 1662 300 0 1448 0
5048 1846.5 674 7486 712 0 2398 5021
5040 1843.72 0 10969 0 0 6309 4363
5048 1846.5 0 1992 0 0 1616 0
5040 1843.72 582 644 622 0 572 0
5048 1846.5 0 1096 0 0 941 0
5040 1843.72 0 17482 0 0 17475 0
5048 1846.5 24 7247 13 0 677 6638
5040 1843.72 0 1474 0 0 1282 0
5048 1846.5 196 15792 229 0 16853 0
5040 1843.72 297 5241 0 247 659 5048
5048 1846.5 0 5910 0 0 687 5268
5040 1843.72 464 9458 444 0 3229 5929
5048 1846.5 0 11819 0 0 3082 8069
5040 1843.72 193 11567 160 0 5268 5518
5048 1846.5 0 7328 0 0 4260 2943
5040 1843.72 2418 6337 2139 189 530 5624
5048 1846.5 0 358 0 0 413 0
5040 1843.72 0 3104 0 0 2947 0
5048 1846.5 0 9366 0 0 3897 5067
5040 1843.72 -3 3466 7 0 2183 840
5048 1846.5 111 2439 83 0 2196 0
5040 1843.72 23 1234 7 0 1410 0
5048 1846.5 1 14357 14 0 3521 9763
5040 1843.72 16 4587 0 0 3076 1183
5048 1846.5 -26 7208 9 0 2454 4722
5040 1843.72 367 1388 155 264 1245 0
5048 1846.5 23 6368 2 0 6582 0
5040 1843.72 161 647 229 0 766 0
5048 1846.5 3 7455 8 0 2005 5210
5040 1843.72 0 225 0 0 186 0
5048 1846.5 0 21193 0 0 1397 19876
5040 1843.72 0 7631 0 0 7755 0
5048 1846.5 63 5388 9 0 772 4298
5040 1843.72 1267 3399 530 704 2983 594
5048 1846.5 0 5034 0 0 1098 3777
5040 1843.72 482 2510 434 0 2330 0
5048 1846.5 0 6253 0 0 3773 2645
5040 1843.72 11 2250 2 0 2653 0
5048 1846.5 190 2402 182 0 2001 0
5040 1843.72 76 1878 0 139 646 1254
5048 1846.5 336 9047 0 339 2263 6804
5040 1843.72 -4 4657 2 0 728 3784
5048 1846.5 0 2310 0 0 2406 0
5040 1843.72 0 3154 0 0 1948 1232
5048 1846.5 0 2295 0 0 2309 0
5040 1843.72 0 10665 0 0 5319 5565
5048 1846.5 0 5684 0 0 2314 3339
5048 1846.5 36 5866 3 0 1204 4440
5040 1843.72 -22 1970 1 0 1505 0
5040 1843.72 0 9843 0 0 1138 8256
5048 1846.5 0 1123 0 0 1013 0
5040 1843.72 451 8134 447 0 3226 4531
5048 1846.5 140 10437 167 0 2554 7883
5040 1843.72 299 7052 0 307 878 6463
5048 1846.5 41 1497 50 0 492 908
5040 1843.72 0 2463 0 0 2524 0
5048 1846.5 618 13138 533 0 2220 10828
5040 1843.72 686 11531 0 599 1971 9393
5048 1846.5 0 1160 0 0 971 0
5040 1843.72 0 9146 0 0 1969 6934
5048 1846.5 1 7337 10 0 2587 4752
5040 1843.72 206 10501 0 209 932 9439
5048 1846.5 0 5067 0 0 1117 4122
5040 1843.72 0 1201 0 0 1323 0
5048 1846.5 0 7065 0 0 1176 5633
5040 1843.72 0 2640 0 0 2640 0
5048 1846.5 37 5408 3 0 5310 0
5040 1843.72 400 7323 159 279 1380 6030
5048 1846.5 303 5340 254 0 5182 0
5040 1843.72 262 5008 0 294 1831 3313
5048 1846.5 20 3068 22 0 2130 848
5040 1843.72 0 2038 0 0 198 1894
5048 1846.5 0 3937 0 0 3618 0
5040 1843.72 -3 1598 3 0 1472 0
5048 1846.5 0 347 0 0 289 0
5040 1843.72 161 7291 145 0 862 6176
5048 1846.5 89 5377 38 0 333 4588
5040 1843.72 260 10351 0 266 2316 8161
5048 1846.5 0 9806 0 0 2599 6561
5040 1843.72 -29 7266 14 0 1683 5777
5048 1846.5 0 1776 0 0 1849 0
5040 1843.72 166 2156 177 0 2087 0
5048 1846.5 0 7894 0 0 2972 4566
5040 1843.72 253 10653 0 279 4758 6637
5048 1846.5 224 4254 0 287 2222 1893
5040 1843.72 253 4601 0 237 1249 3570
5048 1846.5 504 10616 0 173 2777 7862
5040 1843.72 960 10888 62 644 4171 6997
5048 1846.5 0 7514 0 0 4789 2735
5040 1843.72 0 14219 0 0 2871 11121
5048 1846.5 0 7201 0 0 4204 2921
5040 1843.72 220 2092 236 0 2146 0
5048 1846.5 0 8062 0 0 1817 6093
5040 1843.72 76 7220 3 0 4369 2830
5048 1846.5 260 2036 249 0 1565 674
5040 1843.72 566 2442 536 0 2460 0
5048 1846.5 94 8912 0 123 1915 6832
5040 1843.72 59 689 56 0 453 0
5048 1846.5 0 5182 0 0 1841 3964
5040 1843.72 0 11150 0 0 405 10846
5048 1846.5 283 449 297 0 557 0
5040 1843.72 1441 11355 196 1123 1873 10305
5048 1846.5 314 15174 0 195 1131 13537
5040 1843.72 275 2361 250 0 2277 0
5048 1846.5 45 5828 3 0 1086 4522
5040 1843.72 192 7868 219 0 1130 7070
5048 1846.5 0 16289 0 0 1056 15391
5040 1843.72 0 7688 0 0 1434 6007
5048 1846.5 512 14309 519 0 7936 6523
5040 1843.72 177 3776 0 190 667 2734
5048 1846.5 0 2894 0 0 2452 257
5040 1843.72 254 6864 0 223 4195 2970
5048 1846.5 0 3054 0 0 485 2838
5040 1843.72 18 13408 42 0 1639 11795
5048 1846.5 168 3547 146 0 705 2594
5040 1843.72 242 7008 54 141 1994 4663
5048 1846.5 66 5671 36 0 1190 3992
5040 1843.72 0 8650 0 0 951 8076
5048 1846.5 463 1228 392 0 1323 0
5040 1843.72 209 6676 317 0 2170 4497
5048 1846.5 0 6245 0 0 2730 3688
5040 1843.72 206 5747 0 157 3409 2128
5048 1846.5 218 6217 0 184 1069 5595
5040 1843.72 262 6206 184 0 1943 4384
5048 1846.5 0 723 0 0 778 0
5040 1843.72 -8 2022 10 0 2051 0
5048 1846.5 184 3266 207 0 380 2720
5040 1843.72 77 5940 3 0 6201 0
5048 1846.5 0 4319 0 0 3797 0
5040 1843.72 0 8158 0 0 529 7395
5048 1846.5 0 5594 0 0 2077 3315
5040 1843.72 0 2034 0 0 2258 0
5048 1846.5 -5 1061 28 0 928 0
5040 1843.72 0 7154 0 0 802 6402
5048 1846.5 0 1427 0 0 1069 242
5040 1843.72 0 2103 0 0 1440 696
5048 1846.5 0 1314 0 0 1014 0
5040 1843.72 1789 8823 24 0 556 7726
5048 1846.5 0 4560 0 0 897 3836
5040 1843.72 0 616 0 0 530 0
5048 1846.5 -6 1780 0 0 1790 0
5040 1843.72 464 5332 0 457 3369 2066
5048 1846.5 596 5793 0 575 3284 2431
5040 1843.72 0 17866 0 0 1763 15762
5048 1846.5 239 14530 6 297 1740 12255
5040 1843.72 0 371 0 0 288 0
5048 1846.5 632 6286 0 649 628 5814
5040 1843.72 0 638 0 0 557 0
5048 1846.5 380 2158 0 375 1587 553
5040 1843.72 0 5591 0 0 692 5087
5048 1846.5 328 4504 125 175 729 3687
5040 1843.72 318 10838 328 0 5115 5714
5048 1846.5 262 9371 51 201 3330 5913
5040 1843.72 0 1715 0 0 1841 0
5048 1846.5 0 4979 0 0 1088 3762
5040 1843.72 0 4299 0 0 3583 206
5048 1846.5 223 8804 10 224 1248 7054
5040 1843.72 81 829 40 0 862 0
5048 1846.5 0 1234 0 0 1262 0
5040 1843.72 22 1545 17 0 1333 0
5048 1846.5 0 8410 0 0 3050 4835
5040 1843.72 67 18553 38 0 7395 11391
5048 1846.5 1644 16767 1606 0 1268 14114
5040 1843.72 0 1491 0 0 1260 0
5048 1846.5 388 5563 424 0 5498 379
5040 1843.72 1107 20800 0 1197 1783 18128
5048 1846.5 254 2871 0 254 560 2482
5040 1843.72 0 11277 0 0 1392 9326
5048 1846.5 0 6476 0 0 756 5899
5040 1843.72 0 4658 0 0 4155 0
5048 1846.5 0 9793 0 0 3532 6243
5040 1843.72 383 1262 393 0 1205 0
5048 1846.5 3 4898 0 0 2221 2571
5040 1843.72 0 965 0 0 904 0
5048 1846.5 -18 889 2 0 895 0
5040 1843.72 94 830 65 0 724 0
5048 1846.5 0 763 0 0 678 0
5040 1843.72 32 3081 5 0 3098 0
5048 1846.5 205 8538 217 0 2301 6320
5040 1843.72 0 10245 0 0 636 9705
5048 1846.5 0 5561 0 0 1340 4075
5040 1843.72 573 6350 544 0 1158 5261
5048 1846.5 190 3530 197 0 1353 2144
5040 1843.72 0 6713 0 0 1395 5419
5048 1846.5 0 4648 0 0 3286 858
5040 1843.72 0 6990 0 0 2652 4014
5048 1846.5 433 7099 456 0 557 6327
5040 1843.72 0 1863 0 0 1585 0
5048 1846.5 33 1588 59 0 1368 0
5040 1843.72 0 1172 0 0 1367 0
5048 1846.5 0 12565 0 0 2288 9734
5040 1843.72 44 1537 12 0 1467 0
5048 1846.5 845 8697 875 0 1497 6782
5040 1843.72 0 348 0 0 283 0
5048 1846.5 726 8593 4 178 1536 7043
5040 1843.72 2 3476 6 0 2972 0
5048 1846.5 737 18406 516 177 7503 10905
#station_id r_mc scin_hg_tot_sig wcd_hg_tot_sig scin_hg_em_sig scin_hg_mu_sig wcd_hg_em_sig wcd_hg_mu_sig
5040 1843.72 224 6740 0 227 738 5670
5048 1846.5 13 6580 2 0 6217 0
5040 1843.72 293 12225 302 0 1079 11350
5048 1846.5 5 14728 0 0 2602 11425
5040 1843.72 34 3427 38 0 3562 0
5048 1846.5 228 8425 180 0 2310 6127
5040 1843.72 758 12689 632 118 3559 9138
5048 1846.5 345 4744 0 383 1403 3050
5040 1843.72 13 2402 0 0 864 1815
5048 1846.5 913 4015 781 0 3757 0
5040 1843.72 0 8927 0 0 2259 6301
5048 1846.5 0 1798 0 0 576 1220
5040 1843.72 0 3207 0 0 3094 0
5048 1846.5 351 1601 0 0 1458 0
5040 1843.72 197 6516 0 165 1352 4640
5048 1846.5 0 5962 0 0 1448 4809
5040 1843.72 175 11227 0 194 1784 9187
5048 1846.5 0 17716 0 0 1671 16152
5040 1843.72 51 1796 43 0 1796 0
5048 1846.5 4 5071 7 0 127 4811
5040 1843.72 357 13786 342 0 2329 11838
5048 1846.5 506 12993 440 0 3215 9192
5040 1843.72 0 11985 0 0 2557 9202
5048 1846.5 608 6038 649 0 6067 0
5040 1843.72 0 6869 0 0 1685 5144
5048 1846.5 391 12608 366 0 3277 9028
5040 1843.72 229 12829 0 239 5418 7610
5048 1846.5 0 13398 0 0 1455 11498
5040 1843.72 39 2823 14 0 1067 1552
5048 1846.5 397 5118 0 293 198 5214
5040 1843.72 444 1675 38 413 1132 545
5048 1846.5 0 5403 0 0 715 4340
5040 1843.72 0 4091 0 0 788 3223
5048 1846.5 0 2803 0 0 2879 0
5040 1843.72 608 10102 0 582 921 9233
5048 1846.5 1046 5494 1114 0 5459 0
5040 1843.72 0 13018 0 0 1884 11600
5048 1846.5 221 8011 0 206 560 7200
5040 1843.72 0 1909 0 0 1874 0
5048 1846.5 0 6490 0 0 5795 0
5040 1843.72 571 4660 540 0 4750 0
5048 1846.5 0 670 14 0 688 0
5040 1843.72 354 5302 0 327 1700 3467
5048 1846.5 0 8016 0 0 1762 6261
5040 1843.72 0 3883 0 0 3499 0
5048 1846.5 286 2134 240 0 2141 0
5040 1843.72 0 6454 0 0 2905 3295
5048 1846.5 221 8781 1 228 2208 7009
5040 1843.72 0 1351 0 0 1691 0
5048 1846.5 0 5360 0 0 2341 2815
5040 1843.72 36 7822 3 0 2197 4902
5048 1846.5 224 3777 5 194 2043 1494
5040 1843.72 0 8774 0 0 783 7559
5048 1846.5 192 8320 0 195 2586 5423
5040 1843.72 304 21158 42 252 5156 16828
5048 1846.5 26 1569 8 0 1474 0
5040 1843.72 541 2271 297 276 1808 217
5048 1846.5 11 6378 0 0 1167 5326
5040 1843.72 198 9388 0 269 5165 3784
5048 1846.5 200 11894 161 0 8437 3501
5040 1843.72 354 401 272 0 359 0
5048 1846.5 622 776 747 0 780 0
5040 1843.72 355 8026 129 177 4303 3745
5048 1846.5 482 7673 498 0 1797 5855
5040 1843.72 230 4634 262 0 4513 0
5048 1846.5 0 7824 0 0 2859 4571
5040 1843.72 0 1508 0 0 1378 0
5048 1846.5 0 1650 0 0 1161 428
5048 1846.5 0 7710 0 0 1360 6492
5040 1843.72 767 2098 735 0 2180 0
5040 1843.72 232 4808 234 0 2062 2474
5048 1846.5 579 1171 145 0 1112 0
5040 1843.72 192 5559 0 143 1825 3238
5048 1846.5 227 12936 0 189 1222 12354
5040 1843.72 1346 7663 1235 0 7797 0
5048 1846.5 -41 11613 5 0 6680 5301
5040 1843.72 710 6853 648 0 2222 4913
5048 1846.5 45 1905 38 0 1765 0
5040 1843.72 724 6422 447 258 1456 4806
5048 1846.5 311 5606 358 0 5800 0
5040 1843.72 0 10520 0 0 5095 5250
5048 1846.5 0 2357 0 0 2063 0
5040 1843.72 0 6770 0 0 1104 5467
5048 1846.5 0 6769 0 0 1497 4812
5040 1843.72 401 3548 208 194 1409 2362
5048 1846.5 0 6053 0 0 551 5507
5040 1843.72 40 1140 34 0 1188 0
5048 1846.5 175 12888 0 170 832 12522
5040 1843.72 305 4802 18 301 2892 1669
5048 1846.5 484 471 1 538 430 12
5040 1843.72 0 1732 0 0 1875 0
5048 1846.5 0 10148 0 0 909 9361
5040 1843.72 771 11121 9 721 2418 8245
5048 1846.5 270 1696 227 0 1532 0
5040 1843.72 194 2599 232 0 2619 0
5048 1846.5 237 9788 0 172 4254 5065
5040 1843.72 481 851 225 205 675 0
5048 1846.5 5 13752 0 0 908 12747
5040 1843.72 58 2154 60 0 1196 854
5048 1846.5 187 2219 221 0 2160 210
5040 1843.72 412 2626 310 0 1554 1213
5048 1846.5 0 1995 0 0 2009 0
5040 1843.72 256 8776 0 247 1545 6758
5048 1846.5 243 6964 0 200 396 6128
5040 1843.72 57 4416 17 0 4383 0
5048 1846.5 0 7559 0 0 1915 4870
5040 1843.72 123 5648 131 0 2168 3472
5048 1846.5 0 15756 0 0 1740 12911
5040 1843.72 72 6254 52 0 3755 2633
5048 1846.5 0 1200 0 0 733 318
5040 1843.72 682 7697 0 613 1212 6680
5048 1846.5 14 9795 12 0 1903 7815
5040 1843.72 0 2059 0 0 1850 0
5048 1846.5 1144 6228 27 0 1010 5474
5040 1843.72 0 8388 0 0 3905 4369
5048 1846.5 0 2623 0 0 2260 0
5040 1843.72 164 6399 0 184 743 5625
5048 1846.5 -11 1002 0 0 88 744
5040 1843.72 -39 18082 16 0 1932 15994
5048 1846.5 0 2544 0 0 2309 0
5040 1843.72 0 329 0 0 441 0
5048 1846.5 0 1742 0 0 1599 0
5040 1843.72 0 2232 0 0 1847 0
5048 1846.5 32 8169 2 0 2088 5386
5040 1843.72 13 2742 6 0 2612 0
5048 1846.5 457 7278 0 534 861 6173
5040 1843.72 28 8111 14 0 6729 1800
5048 1846.5 49 1249 8 0 835 239
5040 1843.72 -5 5176 4 0 1544 3867
5048 1846.5 218 7653 205 0 1254 6285
5040 1843.72 41 16710 44 0 3680 13121
5048 1846.5 428 13362 0 439 4018 9669
5040 1843.72 35 3110 0 0 3150 0
5048 1846.5 -3 10731 7 0 6334 4407
5040 1843.72 401 13593 0 338 2908 11348
5048 1846.5 263 2303 0 264 2086 185
5040 1843.72 534 17071 229 256 2283 14930
5048 1846.5 429 11964 156 330 2777 8860
5040 1843.72 1515 15475 772 775 2347 12266
5048 1846.5 169 3769 125 0 3388 0
5040 1843.72 0 6742 0 0 612 5977
5048 1846.5 1842 6976 1918 0 1294 6007
5040 1843.72 73 3030 87 0 1770 1249
5048 1846.5 194 10439 0 259 734 9723
5040 1843.72 0 2646 0 0 2479 0
5048 1846.5 1150 8845 1190 0 8405 0
5040 1843.72 301 2614 0 219 466 2199
5048 1846.5 318 7618 122 184 1583 6420
5040 1843.72 0 1582 0 0 1657 0
5048 1846.5 51 8353 17 0 2805 4942
5040 1843.72 290 7358 0 300 3290 4349
5048 1846.5 776 9080 767 0 3449 5819
5040 1843.72 0 6269 0 0 4591 1512
5048 1846.5 276 7026 231 0 5831 992
5040 1843.72 159 1520 132 0 1593 0
5048 1846.5 0 7197 0 0 5101 2144
5040 1843.72 0 1633 0 0 1509 0
5048 1846.5 244 7397 246 0 2938 4643
5040 1843.72 0 3204 0 0 571 2817
5048 1846.5 54 1785 24 0 1867 0
5040 1843.72 610 2821 595 0 2850 0
5048 1846.5 0 3176 0 0 2969 0
5040 1843.72 0 8900 0 0 1079 7332
5048 1846.5 207 13002 0 173 1326 12222
5040 1843.72 0 7728 0 0 2369 5705
5048 1846.5 0 5924 0 0 559 5436
5040 1843.72 499 6369 466 0 6236 0
5048 1846.5 0 18901 0 0 1537 17659
5040 1843.72 284 2488 164 207 1981 598
5048 1846.5 0 1612 0 0 970 750
5040 1843.72 0 12304 0 0 12181 0
5048 1846.5 0 16761 0 0 11853 4863
5040 1843.72 533 1665 36 0 1444 0
5048 1846.5 267 2630 295 0 2483 0
5040 1843.72 0 321 0 0 443 0
5048 1846.5 416 9968 259 216 1188 8553
5040 1843.72 -23 11557 0 0 5638 6173
5048 1846.5 0 1895 0 0 1905 0
5040 1843.72 275 4839 275 0 2725 1943
5048 1846.5 0 929 0 0 955 0
5040 1843.72 267 12404 208 0 1196 11119
5048 1846.5 118 1661 138 0 1708 0
5040 1843.72 222 14092 188 0 4299 9956
5048 1846.5 0 13187 0 0 5264 7240
5040 1843.72 -7 1736 0 0 1247 667
5048 1846.5 207 19049 185 0 5638 12627
#station_id r_mc scin_hg_tot_sig wcd_hg_tot_sig scin_hg_em_sig scin_hg_mu_sig wcd_hg_em_sig wcd_hg_mu_sig
5040 1843.72 379 2452 361 0 2354 0
5048 1846.5 135 2438 204 0 2104 0
5040 1843.72 113 7257 148 0 4288 2931
5048 1846.5 0 1070 0 0 1290 0
5040 1843.72 282 3172 26 290 3004 0
5048 1846.5 0 9592 0 0 3162 6505
5040 1843.72 414 620 413 0 663 0
5048 1846.5 0 7250 0 0 6771 0
5040 1843.72 3277 7133 2588 0 1856 5224
5048 1846.5 205 1849 237 0 1901 0
5040 1843.72 277 16689 0 191 4667 11044
5048 1846.5 0 5897 0 0 1039 4528
5040 1843.72 0 14212 0 0 2799 11740
5048 1846.5 949 3285 0 1021 519 2209
5040 1843.72 54 6271 48 0 6159 185
5048 1846.5 362 13085 41 325 7061 6028
5040 1843.72 0 7730 0 0 2806 4711
5048 1846.5 0 8359 0 0 1829 6231
5040 1843.72 537 4537 532 0 1515 3001
5048 1846.5 27 9956 10 0 4885 5310
5040 1843.72 0 853 0 0 809 0
5048 1846.5 154 8327 100 0 2976 5021
5040 1843.72 -33 3311 0 0 2607 596
5048 1846.5 331 4040 335 0 4199 0
5040 1843.72 193 6703 0 221 708 5977
5048 1846.5 203 527 240 0 404 0
5040 1843.72 80 6372 0 145 677 5627
5048 1846.5 628 8718 299 332 3103 5216
5040 1843.72 261 15002 0 301 5144 9456
5048 1846.5 0 1587 0 0 496 958
5040 1843.72 -6 585 4 0 652 0
5048 1846.5 236 7702 233 0 839 6772
5040 1843.72 217 9400 0 199 4208 5404
5048 1846.5 820 8531 845 0 2717 5779
5040 1843.72 194 9308 0 198 1518 7075
5048 1846.5 919 6721 48 823 393 6529
5040 1843.72 0 1150 0 0 1267 0
5048 1846.5 0 3375 0 0 3242 0
5040 1843.72 257 9706 209 0 5414 4275
5048 1846.5 328 13014 402 0 3060 9541
5040 1843.72 214 7441 1 165 873 6417
5048 1846.5 308 3907 350 0 3085 668
5040 1843.72 0 1254 0 0 1679 0
5048 1846.5 0 5906 0 0 888 5202
5040 1843.72 0 8029 0 0 2218 5497
5048 1846.5 0 5141 0 0 4814 0
5040 1843.72 25 1678 3 0 1043 645
5048 1846.5 236 3620 273 0 3399 0
5040 1843.72 122 10941 55 0 1097 10329
5048 1846.5 -37 4069 0 0 1904 1557
5040 1843.72 -42 1556 0 0 1345 0
5048 1846.5 754 345 715 0 301 0
5040 1843.72 468 12391 230 222 1169 11022
5048 1846.5 -28 15918 1 0 7548 8088
5040 1843.72 0 8432 0 0 1469 6621
5048 1846.5 0 2687 0 0 1051 1252
5040 1843.72 0 6634 0 0 1141 5447
5048 1846.5 26 9057 0 0 283 8880
5040 1843.72 0 740 0 0 769 0
5048 1846.5 0 12769 0 0 1171 11042
5040 1843.72 0 9972 0 0 1496 8586
5048 1846.5 0 6581 0 0 3011 3524
5040 1843.72 0 1443 0 0 1402 0
5048 1846.5 0 5048 0 0 798 3824
5040 1843.72 188 13159 229 0 8069 4757
5048 1846.5 398 14441 130 281 2056 11692
5040 1843.72 0 5499 0 0 3725 1296
5048 1846.5 -17 5461 0 0 5594 0
5040 1843.72 247 4622 215 0 201 4204
5048 1846.5 13 831 13 0 920 0
5040 1843.72 272 3611 283 0 3439 0
5048 1846.5 512 5275 1 0 4934 0
5040 1843.72 -26 2050 0 0 2134 0
5048 1846.5 34 10408 2 0 509 9165
5040 1843.72 0 10675 0 0 1454 9172
5048 1846.5 0 2380 0 0 1869 512
5040 1843.72 412 25814 40 361 3410 22534
5048 1846.5 127 10479 0 150 3078 7609
5040 1843.72 0 8903 0 0 1632 7589
5048 1846.5 31 2919 103 0 2585 0
5040 1843.72 242 5086 213 0 2213 2423
5048 1846.5 14 1167 1 0 1239 0
5040 1843.72 9 1632 27 0 1512 0
5048 1846.5 634 8608 244 385 1023 7416
5040 1843.72 0 5046 0 0 3643 1232
5048 1846.5 18 7277 25 0 1680 5454
5048 1846.5 210 10013 0 207 1485 8591
5040 1843.72 0 6248 0 0 1211 4889
5040 1843.72 0 2727 0 0 2446 0
5048 1846.5 102 2771 29 0 2383 0
5048 1846.5 277 8370 296 0 3712 4629
5040 1843.72 0 2087 0 0 1924 0
5040 1843.72 5 2455 10 0 2427 0
5048 1846.5 -27 2351 12 0 2154 0
5040 1843.72 74 2620 59 16 2652 0
5048 1846.5 63 1988 51 0 1930 0
5040 1843.72 0 524 0 0 599 0
5048 1846.5 -37 4638 4 0 2517 1975
5040 1843.72 0 9775 0 0 1783 7301
5048 1846.5 304 1985 274 0 1824 0
5040 1843.72 354 11375 64 317 3524 7785
5048 1846.5 339 9573 335 0 2356 7375
5040 1843.72 0 242 0 0 218 0
5048 1846.5 0 561 0 0 472 0
5040 1843.72 0 2484 0 0 2253 0
5048 1846.5 553 9259 0 545 2106 6490
5040 1843.72 0 6709 0 0 4262 2528
5048 1846.5 35 6301 84 0 5557 266
5040 1843.72 462 4347 0 432 713 3458
5048 1846.5 0 4595 0 0 412 4446
5040 1843.72 966 3338 379 555 1965 1469
5048 1846.5 610 8618 0 536 3484 4927
5040 1843.72 475 7932 400 0 2949 4810
5048 1846.5 375 8539 3 291 2812 5293
5040 1843.72 230 12191 0 240 1224 11173
5048 1846.5 0 9887 0 0 3622 6154
5040 1843.72 0 18528 0 0 8561 9678
5048 1846.5 23 3163 8 0 2034 1180
5040 1843.72 0 5170 0 0 987 3923
5048 1846.5 0 7223 0 0 7376 0
5040 1843.72 -47 6215 6 0 6370 0
5048 1846.5 390 5571 249 186 1115 4425
5040 1843.72 40 14983 0 0 6543 7491
5048 1846.5 65 3209 119 0 3306 0
5040 1843.72 470 12964 442 0 4768 8125
5048 1846.5 399 13491 174 190 3997 10209
5040 1843.72 23 3997 0 0 4064 0
5048 1846.5 0 2416 0 0 2140 0
5040 1843.72 0 9649 0 0 5719 3938
5048 1846.5 0 11122 0 0 8597 3051
5040 1843.72 24 16684 40 0 1081 15952
5048 1846.5 3 6936 4 0 1791 5240
5040 1843.72 368 2060 0 348 1900 0
5048 1846.5 239 5569 28 151 1323 4737
5040 1843.72 648 4557 679 0 2957 1343
5048 1846.5 0 11308 0 0 5302 5644
5040 1843.72 0 1026 0 0 248 605
5048 1846.5 4 850 11 0 1015 0
5040 1843.72 0 910 0 0 958 0
5048 1846.5 0 11322 0 0 3100 8261
5040 1843.72 0 4270 0 0 4074 0
5048 1846.5 17 3079 3 0 2991 0
5040 1843.72 253 7311 13 306 2123 4648
5048 1846.5 298 7835 363 0 5552 1423
5040 1843.72 42 7613 22 0 1914 5935
5048 1846.5 493 20780 39 406 6178 12971
5040 1843.72 200 12278 7 216 1905 9841
5048 1846.5 277 7161 0 245 1810 5352
5040 1843.72 68 5386 62 0 1543 3464
5048 1846.5 0 5407 0 0 1405 3933
5040 1843.72 796 18806 498 313 5610 13120
5048 1846.5 0 6142 0 0 187 5917
5040 1843.72 0 1963 0 0 794 1000
5048 1846.5 0 8266 0 0 2259 6308
5040 1843.72 635 8780 5 703 986 7588
5048 1846.5 437 5633 432 0 2171 3191
5040 1843.72 0 1145 0 0 939 0
5048 1846.5 0 7581 0 0 1449 5766
5040 1843.72 149 865 0 170 785 0
5048 1846.5 0 8801 0 0 2621 6335
5040 1843.72 0 1751 0 0 1586 0
5048 1846.5 -7 8596 9 0 3334 5120
5040 1843.72 201 15874 0 176 903 14681
5048 1846.5 -23 1842 23 0 1615 0
5040 1843.72 2329 4777 2307 0 1433 3511
5048 1846.5 638 3830 0 616 2137 1446
5040 1843.72 451 14061 44 455 729 13459
5048 1846.5 216 3603 0 236 1645 1595
5040 1843.72 0 3550 0 0 3665 0
5048 1846.5 1133 6806 0 198 1409 5358
5040 1843.72 501 7276 0 0 3278 3953
5048 1846.5 0 3025 0 0 2877 0
5040 1843.72 0 11020 0 0 2387 9037
5048 1846.5 158 3842 158 0 1614 2544
5040 1843.72 -13 1283 10 0 534 883
5048 1846.5 237 2443 103 121 2274 0
5040 1843.72 54 7183 0 0 3312 3509
5048 1846.5 0 2892 0 0 1329 1840
5040 1843.72 0 4837 0 0 1693 2806
5048 1846.5 526 13987 0 490 6982 6627
5040 1843.72 -20 18005 6 0 3245 14209
5048 1846.5 256 6005 0 242 1456 4635
