#station_id r_mc scin_hg_tot_sig wcd_lg_tot_sig scin_hg_em_sig scin_hg_mu_sig wcd_lg_em_sig wcd_lg_mu_sig
5040 827.077 6708 5828 5280 1349 3110 2229
5048 775.415 8851 6441 7411 1462 3213 2757
5040 827.077 5830 4494 5138 703 2158 2022
5048 775.415 7957 5382 6921 645 2837 2044
5040 827.077 5303 4922 2698 2427 2178 2386
5048 775.415 5028 5820 4348 766 3017 2486
5040 827.077 7654 4231 6628 848 2232 1683
5048 775.415 10291 5767 7880 2259 3468 1907
5040 827.077 5794 4367 5220 476 2422 1708
5048 775.415 10157 5610 8574 1478 3761 1470
5040 827.077 8981 4625 8110 333 3047 1422
5048 775.415 11270 6067 9885 650 4206 1398
5040 827.077 5292 2381 4969 0 2179 0
5048 775.415 5736 5585 4984 168 3373 1926
5040 827.077 7530 4661 5300 1974 1877 2446
5048 775.415 8511 5775 6526 2053 3220 2306
5040 827.077 6003 3997 4621 1353 2215 1484
5048 775.415 5792 6097 5322 519 3928 1795
5040 827.077 5720 4400 5077 748 2838 1062
5048 775.415 7517 5006 6813 717 3342 1411
5040 827.077 5035 5551 3957 1030 3603 1467
5048 775.415 6350 6342 5471 1025 4317 1554
5040 827.077 4823 4882 3020 1529 2364 1974
5048 775.415 5088 5214 4110 970 2965 1771
5040 827.077 4214 5063 2442 1871 2041 2450
5048 775.415 5911 5958 4179 1788 3273 2482
5040 827.077 3339 5105 1950 1496 2946 1884
5048 775.415 9794 7031 7202 2720 3526 3030
5040 827.077 6819 4454 5648 884 2679 1594
5048 775.415 2933 6252 2066 1000 3468 2434
5040 827.077 5243 4617 4098 922 1991 2140
5048 775.415 11742 6987 9997 1569 3893 2607
5040 827.077 7484 4536 5945 1644 2758 1454
5048 775.415 5147 5781 4167 885 3749 1876
5040 827.077 5227 3691 3883 1056 2238 1162
5048 775.415 7028 5254 6411 763 3001 1859
5040 827.077 9913 5043 8505 1588 3486 1285
5048 775.415 11049 7439 9283 1657 4430 2485
5040 827.077 5531 3996 3773 1744 2040 1628
5048 775.415 9489 6673 8772 748 3828 2457
5040 827.077 3107 3783 1816 1033 2362 972
5048 775.415 8116 6431 6828 1470 3340 2802
5040 827.077 5932 4443 3849 1878 2110 1998
5048 775.415 5993 7101 4298 1842 3448 3405
5040 827.077 3318 4098 2543 719 2609 1051
5048 775.415 2961 3756 2535 362 2451 872
5040 827.077 5683 4507 4493 1257 2770 1356
5048 775.415 7093 5687 6174 833 3511 1714
5048 775.415 6252 4955 3034 1015 3013 1543
5040 827.077 4401 4028 4221 208 2642 1146
5040 827.077 5725 3393 3597 905 2169 997
5048 775.415 5800 5199 5119 816 3332 1614
5040 827.077 7324 4207 4282 1825 2303 1586
5048 775.415 6458 7227 4090 1738 3742 3052
5040 827.077 5175 3083 4305 637 2656 126
5048 775.415 6172 5169 5375 693 3581 1150
5040 827.077 6161 4200 4676 1342 2741 1216
5048 775.415 6277 5410 4563 1556 3225 1932
5040 827.077 4537 3978 3956 556 2233 1479
5048 775.415 6502 5067 5418 1048 3044 1747
5040 827.077 6200 4238 5319 660 2725 1289
5048 775.415 9347 5858 7123 1219 4127 1263
5040 827.077 3643 3476 2791 901 2485 773
5048 775.415 10985 6147 9384 1637 3494 2223
5040 827.077 7019 4632 5900 1160 3009 1284
5048 775.415 6113 5326 4790 430 3816 1090
5040 827.077 5518 4945 4093 1225 2682 2052
5048 775.415 5444 5567 4422 1010 3214 2041
5040 827.077 7435 6864 4595 2273 2616 3877
5048 775.415 9670 6351 7715 2160 3982 2050
5040 827.077 5508 4969 3782 1542 2734 1731
5048 775.415 7508 7376 6323 974 3992 3020
5040 827.077 5640 5135 4440 1239 2741 1994
5048 775.415 8661 5183 6695 1858 4029 822
5040 827.077 4786 4518 3501 1126 2504 1566
5048 775.415 7889 6053 5366 2606 3540 2154
5040 827.077 3880 3858 3608 139 2508 1223
5048 775.415 6551 5633 4762 1228 3554 1816
5040 827.077 4703 3096 2719 927 2046 984
5048 775.415 7372 5022 6667 855 3077 1783
5040 827.077 5685 4386 4614 1114 2658 1317
5048 775.415 5878 6133 4178 1632 3568 2111
5040 827.077 7700 4081 5444 717 2188 1460
5048 775.415 6423 4445 6219 77 3194 1076
5040 827.077 5505 5021 3132 2400 2543 2197
5048 775.415 6824 6169 5491 1268 4034 1810
5040 827.077 8425 6120 5329 3021 3179 2507
5048 775.415 11186 7362 7909 2147 3760 3252
5040 827.077 6672 4210 6400 173 2287 1571
5048 775.415 6202 5520 4708 1537 2909 2303
5040 827.077 6221 4644 5900 296 2502 1852
5048 775.415 7864 6687 5948 2104 3814 2413
5040 827.077 4618 2710 3778 818 1847 668
5048 775.415 7568 5653 5966 1546 3258 2015
5040 827.077 6982 4804 4910 1599 2732 1581
5048 775.415 6571 5708 5392 1184 3088 2196
5040 827.077 3670 4496 3483 0 2019 2148
5048 775.415 9191 7425 7900 1237 4853 2215
5040 827.077 6561 4409 4819 1623 2468 1600
5048 775.415 5395 5547 2969 2043 3001 2160
5040 827.077 4513 4028 3408 1121 2195 1842
5048 775.415 6205 4883 5263 820 2471 2104
5040 827.077 4580 3746 2663 1734 2120 1296
5048 775.415 6414 6730 4716 1571 3860 2503
5040 827.077 4753 3597 4214 467 2333 1098
5048 775.415 5382 4700 3734 1016 3103 1219
5048 775.415 8233 6944 6645 1700 3302 3340
5040 827.077 10149 4399 5802 567 2538 1420
5040 827.077 5368 5260 4312 883 2729 2119
5048 775.415 8108 6123 4623 1634 3296 2527
5040 827.077 5144 3559 4176 627 1795 1312
5048 775.415 5530 6274 4943 466 3673 2381
5040 827.077 8100 4701 5253 1073 3066 1207
5048 775.415 7910 6579 5246 2629 3784 2612
5040 827.077 3081 4259 2570 535 2545 1335
5048 775.415 6756 5314 4807 1854 3091 1776
5040 827.077 5779 3949 4931 893 1759 1917
5048 775.415 9337 5318 6913 1704 2929 1957
5040 827.077 6043 3885 4912 604 2304 1132
5048 775.415 6003 5978 4362 703 3508 1977
5040 827.077 5092 4511 4415 514 2417 1754
5048 775.415 7180 5243 7047 0 3675 1355
5040 827.077 6491 5091 4821 1610 2797 2000
5048 775.415 8601 4969 5763 1248 2931 1599
5040 827.077 4921 3517 3197 1467 2415 799
5048 775.415 8989 6207 5815 1961 3290 2612
5040 827.077 4774 4804 3502 1222 2613 1822
5048 775.415 7574 5614 6739 739 3194 2043
5040 827.077 5578 3451 4703 1027 1757 1352
5048 775.415 6501 5787 5004 1423 3665 1788
5040 827.077 8575 4603 5895 2440 2628 1505
5048 775.415 6167 3820 5157 1013 2570 814
5040 827.077 3918 5773 2538 1362 2569 2869
5048 775.415 12286 6802 8477 3482 3415 2839
5040 827.077 7223 6105 4314 2705 3155 2622
5048 775.415 6917 5979 6611 321 3784 1887
5040 827.077 5146 3581 3257 1731 2665 751
5048 775.415 7267 4840 6124 1026 2750 1586
5040 827.077 6611 3532 5180 1390 1959 1327
5048 775.415 8104 7791 6653 1569 4730 2713
5040 827.077 4375 3424 4432 0 2213 882
5048 775.415 4733 4417 3930 806 2899 1078
5040 827.077 7078 4151 6088 1167 2317 1454
5048 775.415 4289 5227 3658 582 2916 1926
5040 827.077 6329 4849 5090 693 2689 1721
5048 775.415 8001 4964 6144 984 3237 1421
5040 827.077 6475 4950 5488 857 2676 1808
5048 775.415 8111 5107 7292 782 3460 1156
5040 827.077 5083 3755 4359 588 2296 1232
5048 775.415 4988 4598 4460 415 2732 1598
5040 827.077 5514 5046 4061 1394 3013 1531
5048 775.415 6891 7023 5743 913 3136 3348
5040 827.077 5580 5796 3537 1341 2848 2505
5048 775.415 4903 6021 3714 233 2810 2920
5040 827.077 3979 4662 2570 1627 2673 1555
5048 775.415 6953 5522 6242 646 3725 1555
5040 827.077 6665 5219 4513 2143 2840 1945
5048 775.415 8384 7707 6903 1448 4319 2900
5040 827.077 5221 4524 4295 834 2989 1244
5048 775.415 6434 7611 4319 1726 3991 3164
5040 827.077 6988 4313 6219 595 2551 1393
5048 775.415 7479 6295 5150 2144 3689 2436
5040 827.077 4488 3563 4252 155 2397 739
5048 775.415 5676 5720 4867 799 3292 2015
5040 827.077 5719 4272 5020 717 2554 1276
5048 775.415 4586 5844 3647 1011 2724 2697
5040 827.077 4324 5711 2550 1435 3187 2059
5048 775.415 7193 5838 5091 2072 3735 1806
5040 827.077 5163 3412 4029 1031 2843 332
5048 775.415 6109 5827 5458 588 3167 2414
5040 827.077 5621 5339 3731 1642 2443 2417
5048 775.415 7289 5531 5645 1250 3221 1863
5040 827.077 4494 4797 3985 327 2537 1945
5048 775.415 6557 6728 4815 1597 3498 2922
5040 827.077 9820 5344 7457 2127 3116 2079
5048 775.415 6649 5761 5727 639 3766 1624
5040 827.077 6084 4554 3158 2855 2040 2066
5048 775.415 2404 5308 1992 362 2939 1968
5040 827.077 4023 3407 3032 917 1774 1334
5048 775.415 7010 6311 6758 241 3748 2158
5040 827.077 5216 3973 3710 1301 1955 1668
5048 775.415 5107 5753 3608 1007 3180 2272
5040 827.077 5260 4521 3713 902 2298 2051
5048 775.415 6083 5625 5658 563 3540 1692
5040 827.077 5583 5110 1964 3597 2306 2450
5048 775.415 7262 6649 5733 1443 3608 2722
5040 827.077 7323 4580 4841 2617 1935 2214
5048 775.415 9881 6429 7164 2043 2868 3012
5040 827.077 6212 4790 4049 1488 2097 2392
5048 775.415 6365 6097 4438 1895 3539 2198
5040 827.077 3431 3999 2633 750 2365 1387
5048 775.415 6464 5239 4357 2085 3940 1005
5040 827.077 3947 5677 2863 1057 2636 2782
5048 775.415 7799 5185 6407 1305 3463 1461
5040 827.077 5390 4023 3556 1511 2564 1053
5048 775.415 7440 6318 5845 1517 3379 2534
5040 827.077 5523 4088 3249 2412 2618 1129
5048 775.415 6729 6433 5431 1005 3564 2490
5040 827.077 5310 5560 4053 986 3203 1914
5048 775.415 6984 5992 5404 1534 3486 2113
5040 827.077 3947 3837 2970 830 2517 1103
5048 775.415 10345 5908 7344 2775 3124 2308
5040 827.077 3463 3807 3040 405 2397 1078
5048 775.415 7551 6176 4808 996 3548 2283
5040 827.077 5498 3593 3717 522 2856 455
5048 775.415 9768 5698 8651 1076 3893 1367
5040 827.077 3664 4064 3105 428 2165 1589
5048 775.415 8283 5066 5105 2858 2937 1860
5040 827.077 5630 5648 5193 384 3475 1822
5048 775.415 7445 7137 5937 1202 4477 2308
5040 827.077 4320 4706 2553 1628 2638 1563
5048 775.415 9567 4750 8530 1146 2660 1886
5040 827.077 4188 4362 3240 618 2671 1378
5048 775.415 7170 6112 6264 889 3563 2135
5040 827.077 6480 4509 5307 1232 2598 1574
5048 775.415 6497 5237 5460 959 3500 1458
5040 827.077 5775 4645 5123 706 2576 1661
5048 775.415 10120 5005 8170 1721 2926 1873
5040 827.077 9098 4587 6390 2003 2177 1929
5048 775.415 9600 5575 7651 1383 3859 1201
5040 827.077 7262 4346 6050 963 2373 1621
5048 775.415 10322 5041 8897 1218 2744 2035
5040 827.077 7198 3825 5919 1250 2662 783
5048 775.415 8321 6897 5812 2358 4261 2266
#station_id r_mc scin_hg_tot_sig wcd_lg_tot_sig scin_hg_em_sig scin_hg_mu_sig wcd_lg_em_sig wcd_lg_mu_sig
5040 827.077 4252 4685 3707 554 2763 1632
5048 775.415 5412 5746 4432 902 3468 1868
5040 827.077 5666 4404 5078 559 2329 1776
5048 775.415 7884 4669 5778 1271 2982 1353
5040 827.077 4655 3479 3712 196 2448 831
5048 775.415 7608 6599 5860 1432 4178 2039
5040 827.077 9207 4233 4517 1481 2789 1224
5048 775.415 6576 5668 5621 975 3167 2264
5040 827.077 11316 5702 5703 735 2513 2719
5048 775.415 5595 6728 5185 507 3964 2248
5040 827.077 5648 5545 3030 880 2461 2573
5048 775.415 7663 6767 6254 1563 3614 2630
5040 827.077 5076 4855 3107 1997 2491 2026
5048 775.415 8732 6287 6741 1717 2957 2882
5040 827.077 4308 3662 2158 1838 1821 1634
5048 775.415 5659 4864 4206 1532 3067 1529
5040 827.077 6218 4847 3830 2457 2682 1839
5048 775.415 5729 5515 4618 1025 3118 1847
5040 827.077 8908 4793 7416 1293 2498 1934
5048 775.415 7378 5324 5385 2142 3612 1437
5040 827.077 7495 4912 5496 1711 2724 1915
5048 775.415 13563 6100 9639 1363 3767 1914
5040 827.077 7374 5994 6275 1022 3225 2346
5048 775.415 7335 5829 5082 2016 3866 1550
5040 827.077 8959 6734 6517 2500 3272 3144
5048 775.415 5025 6081 3688 1203 3249 2341
5040 827.077 6350 5122 5190 1202 2660 2230
5048 775.415 8467 5263 6067 1216 3185 1739
5040 827.077 4323 5717 3838 551 3302 1952
5048 775.415 8751 5650 7286 1498 3248 2142
5040 827.077 5564 4842 4050 1321 2583 1929
5048 775.415 5013 5558 3333 1669 2873 2399
5040 827.077 6014 5609 4091 1786 2383 3039
5048 775.415 5523 6020 4795 797 3711 2112
5040 827.077 7620 3956 6074 1245 1731 2086
5048 775.415 8799 6919 5207 3575 3306 3178
5040 827.077 4816 5961 3071 1666 3226 2384
5048 775.415 7073 5873 5828 800 3918 1588
5040 827.077 7298 4460 5946 981 2481 1878
5048 775.415 8118 6239 6921 972 3766 2145
5040 827.077 5152 3209 3880 1166 2020 874
5048 775.415 8167 5056 7759 417 3365 1478
5040 827.077 5623 5065 3400 2117 2445 2339
5048 775.415 6059 6160 5144 891 3965 1784
5040 827.077 5296 4074 4685 390 2121 1635
5048 775.415 6310 5792 5428 991 3220 2066
5040 827.077 3650 5248 2330 1290 3488 1402
5048 775.415 9039 4348 8513 391 3493 505
5040 827.077 6057 5248 5214 936 3234 1594
5048 775.415 7573 5366 6970 589 3461 1431
5048 775.415 6775 5924 5344 1321 3772 1860
5040 827.077 5438 4789 2430 2922 2648 1834
5040 827.077 4497 4576 4028 475 2693 1579
5048 775.415 9815 7504 9055 928 3648 3538
5040 827.077 7842 3668 7341 550 2710 697
5048 775.415 10500 6202 8644 697 4483 1238
5040 827.077 4041 4569 3063 1200 2375 1870
5048 775.415 5689 6953 4128 1488 3557 2903
5040 827.077 5989 4628 2573 3268 2639 1535
5048 775.415 7782 6028 6155 1189 3440 2186
5048 775.415 5478 5988 4868 698 3455 2205
5040 827.077 5202 3984 4364 848 1871 1963
5040 827.077 3754 5155 2711 1043 3388 1452
5048 775.415 8909 6832 6887 2040 3490 2933
5040 827.077 4401 3266 3435 1020 2491 503
5048 775.415 6572 6493 5801 577 3709 2383
5040 827.077 9679 4621 4348 1595 2560 1616
5048 775.415 6142 3971 4387 1365 2776 877
5040 827.077 2413 3640 2399 0 2572 829
5048 775.415 8062 5653 6997 999 3884 1613
5040 827.077 7488 5760 5681 1732 2481 2902
5048 775.415 6200 6969 4529 1766 4079 2527
5040 827.077 7090 5572 5294 1532 3225 2018
5048 775.415 7796 7217 5261 2122 3675 3166
5040 827.077 2726 4475 1998 755 2737 1470
5048 775.415 6655 6420 4488 2059 2934 2935
5040 827.077 5310 4212 5173 0 2528 1418
5048 775.415 6781 6885 4664 1859 4233 2228
5040 827.077 5373 5321 4205 853 2663 2445
5048 775.415 8181 5589 7006 1007 3444 1910
5040 827.077 6243 4703 4006 1050 2496 1881
5048 775.415 9400 6161 8754 402 4305 1404
5040 827.077 4340 3403 3051 1028 2056 947
5048 775.415 4206 4124 3178 1019 2932 876
5040 827.077 5342 4576 4072 1388 2110 2103
5048 775.415 5237 5453 4271 961 3072 1916
5040 827.077 4793 5926 2915 1795 2701 2868
5048 775.415 7012 6650 5181 1468 4067 2117
5040 827.077 4632 3978 4031 571 2768 859
5048 775.415 9257 7095 6772 2443 3557 3052
5040 827.077 10240 6311 6846 3227 3135 2699
5048 775.415 6486 6776 5530 508 3170 2922
5040 827.077 4659 3845 2463 2059 1954 1489
5048 775.415 6400 5586 5618 870 3377 1745
5040 827.077 6300 4714 4041 1422 2336 2036
5048 775.415 10216 5304 7818 2097 2302 2630
5040 827.077 5391 4301 4873 589 2026 1870
5048 775.415 5627 4700 4954 583 2939 1486
5040 827.077 5223 4783 4092 1236 2860 1576
5048 775.415 6108 5894 4940 1178 3112 2415
5040 827.077 4934 4422 3557 1329 2028 1951
5048 775.415 6573 6693 4760 1639 3800 2550
5040 827.077 4475 4762 3091 1253 2284 2183
5048 775.415 8605 6152 6931 1729 3634 2207
5040 827.077 8163 4879 7021 927 3274 1230
5048 775.415 7247 6262 5378 1924 3401 2482
5040 827.077 5659 4392 4068 1601 2770 1232
5048 775.415 6836 7118 4994 1642 4399 2348
5040 827.077 3047 5099 1906 957 2475 2486
5048 775.415 11397 6430 9700 1969 3922 2105
5040 827.077 5964 6855 3535 2470 2365 4135
5048 775.415 8665 6463 6540 2059 3558 2482
5040 827.077 4498 2874 4032 357 2161 426
5048 775.415 4547 5049 3454 1088 3474 1231
5040 827.077 4744 3978 3798 559 2647 1061
5048 775.415 13794 7837 11125 2527 4526 2830
5040 827.077 6179 3762 5285 606 2112 1286
5048 775.415 5206 4366 3521 1471 2886 1095
5040 827.077 4583 3182 3534 924 2200 732
5048 775.415 6404 4010 5359 909 2578 1127
5040 827.077 6867 5044 4852 1852 2878 1851
5048 775.415 10021 5477 7529 1285 3171 1981
5040 827.077 9484 5004 7149 1631 3173 1573
5048 775.415 6748 7116 5315 1251 3760 2906
5040 827.077 10244 4763 9187 816 3334 830
5048 775.415 8423 6559 7303 979 4012 2250
5040 827.077 4462 4477 3182 1225 2246 1879
5048 775.415 8296 5254 5999 1817 3074 1866
5040 827.077 3285 3842 2470 813 2148 1368
5048 775.415 5027 5507 2962 1770 2487 2620
5040 827.077 7336 3931 6238 1247 2609 1039
5048 775.415 6830 6089 4030 2578 3340 2375
5040 827.077 7272 5012 5058 2222 2472 2222
5048 775.415 9995 5233 5588 4324 2866 1893
5040 827.077 4025 3716 2613 910 1940 1238
5048 775.415 6205 4351 6179 161 3117 981
5040 827.077 7422 5739 6051 1149 2159 3322
5048 775.415 8918 5729 7295 1552 3336 2004
5040 827.077 5239 3786 4787 473 2431 1056
5048 775.415 6734 4645 5522 509 3435 725
5040 827.077 4591 4678 3266 1142 2883 1322
5048 775.415 8526 5576 6438 2071 3444 1851
5040 827.077 5944 4657 4024 1818 2109 2021
5048 775.415 8699 5023 7070 1494 2558 2040
5040 827.077 5660 5143 3113 2087 2605 2142
5048 775.415 5553 7521 3680 1870 4531 2486
5040 827.077 4956 2799 3617 1314 1848 641
5048 775.415 5937 3947 4967 951 2572 1045
5040 827.077 4793 4114 3944 603 2700 997
5048 775.415 9232 5522 8180 878 3218 1849
5040 827.077 8014 6043 5567 1838 2429 3240
5048 775.415 5843 7060 5117 803 3645 3048
5040 827.077 5818 5098 4460 1004 2873 1815
5048 775.415 5471 6411 4454 1072 4021 2016
5040 827.077 5535 4847 4778 587 2876 1620
5048 775.415 7857 6379 6177 778 3155 2855
5040 827.077 3811 4336 2693 968 2532 1451
5048 775.415 8922 5154 6118 1740 3264 1494
5040 827.077 6587 5083 5248 1219 2397 2414
5048 775.415 4509 5265 3364 1002 2983 1892
5040 827.077 5330 4617 4611 548 2970 1313
5048 775.415 10356 6153 8243 1625 3604 2181
5040 827.077 5176 4159 4090 443 2505 1304
5048 775.415 7597 6190 6184 1183 3773 2161
5040 827.077 7465 4856 5612 1430 3433 1168
5048 775.415 9271 5839 7615 1317 4094 1520
5040 827.077 4836 4337 2447 2411 2560 1574
5048 775.415 8145 6705 5368 2549 2918 3443
5040 827.077 7796 4594 5632 2305 2699 1439
5048 775.415 5403 4469 4191 1041 2864 1235
5040 827.077 5469 4293 3599 1757 2422 1616
5048 775.415 11214 4768 8631 2300 2813 1597
5040 827.077 4698 5836 2402 1549 2637 2652
5048 775.415 7537 5470 6733 703 3531 1656
5040 827.077 4253 4753 3337 879 2882 1407
5048 775.415 8046 6093 6191 1337 3995 1579
5040 827.077 5890 3999 5012 750 2381 1237
5048 775.415 6539 5471 5336 883 3963 1012
5040 827.077 4722 3669 4024 682 2073 1284
5048 775.415 5826 5541 4786 1185 3339 2039
5040 827.077 4138 4448 2804 1457 1831 2366
5048 775.415 4491 6169 3524 1032 2898 2923
5040 827.077 5708 4175 5217 531 2453 1329
5048 775.415 5234 4580 4437 751 2802 1605
5040 827.077 6435 5476 4637 1851 2726 2469
5048 775.415 9238 7403 8332 747 4517 2589
5040 827.077 4405 4326 3706 476 2981 1042
5048 775.415 8045 5103 6257 1457 3708 1131
5040 827.077 6214 3440 5779 190 2427 699
5048 775.415 8642 4097 6981 1517 2544 1256
5040 827.077 4668 3908 4050 573 2287 1364
5048 775.415 9455 6622 8247 1400 3866 2232
5040 827.077 5152 4932 3656 1281 2560 2078
5048 775.415 7950 4656 5905 2000 2558 1800
5040 827.077 4429 4076 3144 1195 2069 1635
5048 775.415 4945 4285 3536 1401 2583 1223
5040 827.077 3275 4113 2495 746 2627 1138
5048 775.415 8004 6586 6323 1556 3885 2386
5040 827.077 6650 4232 5691 962 2360 1495
5048 775.415 7570 6574 6215 1121 4185 2176
5040 827.077 3718 3975 2843 808 2447 1270
5048 775.415 5765 4812 5128 194 3454 889
5040 827.077 4016 3427 2529 343 1998 955
5048 775.415 8600 6037 5467 3115 3238 2277
5040 827.077 6188 3361 4541 790 2273 768
5048 775.415 5910 4285 4482 1264 2749 1297
5040 827.077 5315 4040 4834 354 2319 1311
5048 775.415 7526 6369 6118 1475 3601 2399
5040 827.077 5406 3680 4139 250 2918 496
5048 775.415 4339 5407 3707 649 3886 1209
5040 827.077 4158 4726 3032 1027 2305 2108
5048 775.415 7324 5964 5887 990 3382 2172
5040 827.077 4378 3870 4075 301 2507 1012
5048 775.415 7404 5379 6346 813 3133 1954
5040 827.077 6057 2273 5469 435 1738 252
5048 775.415 4235 4449 3831 397 2931 1314
5040 827.077 6034 3853 5032 1113 2652 843
5048 775.415 8697 5802 7591 1102 3760 1551
5040 827.077 6829 3816 5567 1344 1866 1572
5048 775.415 7516 5568 6775 895 2876 2257
5040 827.077 5536 4339 4800 588 2735 1200
5048 775.415 7610 5782 6122 1496 3369 2090
5040 827.077 7633 4763 5513 2134 2614 1770
5048 775.415 8832 6208 8529 187 3927 1782
#station_id r_mc scin_hg_tot_sig wcd_lg_tot_sig scin_hg_em_sig scin_hg_mu_sig wcd_lg_em_sig wcd_lg_mu_sig
5040 827.077 7045 4670 5101 1235 2633 1455
5048 775.415 7367 5320 6436 1105 3161 1790
5040 827.077 5285 5001 5104 179 3260 1501
5048 775.415 7066 6343 6214 875 3807 2067
5040 827.077 4844 3691 3392 636 2271 1058
5048 775.415 6535 6661 4765 1702 3221 3085
5040 827.077 7868 5362 5865 1190 2803 2124
5048 775.415 5609 5330 4311 1246 3026 1882
5040 827.077 3285 3924 2102 1091 2065 1579
5048 775.415 6376 6404 4072 2171 3113 2921
5040 827.077 5404 4608 4763 528 2352 1972
5048 775.415 7064 5009 5998 1068 3022 1632
5040 827.077 4972 4531 3826 981 2654 1378
5048 775.415 5313 6809 4225 1068 3445 2935
5040 827.077 5492 4287 4431 1096 2638 1331
5048 775.415 8195 6345 6201 1987 2723 3284
5040 827.077 7234 5103 4899 2324 3219 1450
5048 775.415 5245 5969 4543 712 3619 1915
5040 827.077 8175 4881 7152 976 2820 1553
5048 775.415 7448 6283 6249 648 4028 1826
5040 827.077 5069 4482 4156 502 2712 1353
5048 775.415 8933 5273 8082 810 3456 1453
5040 827.077 4720 5622 3787 843 2916 2099
5048 775.415 7082 6241 6273 934 3007 2960
5040 827.077 5528 4179 3911 1378 2486 1374
5048 775.415 7363 3851 3216 812 2751 838
5040 827.077 9884 5287 4472 2031 2811 2108
5048 775.415 8084 5210 5919 1387 2346 2642
5040 827.077 5148 4124 4435 731 2297 1261
5048 775.415 7498 7088 6023 1155 3796 2910
5040 827.077 4872 3513 4306 663 2098 920
5048 775.415 6577 4254 4147 2192 2980 716
5040 827.077 6106 4160 4569 1124 2258 1544
5048 775.415 7258 5591 6840 612 3329 1897
5040 827.077 4972 4496 3377 1432 2533 1678
5048 775.415 10336 6227 9291 439 3896 2044
5040 827.077 5303 4536 4881 415 2231 1897
5048 775.415 6019 4268 5126 627 2852 919
5040 827.077 6633 5698 4219 1999 2751 2445
5048 775.415 7856 6803 6857 970 4250 1954
5040 827.077 4429 4609 3539 944 2227 1893
5048 775.415 8772 6138 7660 1083 3225 2546
5040 827.077 7755 6471 6680 684 3637 2349
5048 775.415 9463 7425 6678 2155 4153 3101
5040 827.077 4328 4133 3612 682 1666 2055
5048 775.415 5421 4769 4813 447 3492 1114
5040 827.077 4757 3958 4468 468 2674 921
5048 775.415 7164 5412 6827 348 3756 1356
5040 827.077 4911 6236 3796 1012 2752 3071
5048 775.415 6072 5755 5083 724 3803 1672
5040 827.077 6766 5615 5125 1783 3077 2100
5048 775.415 8768 6577 5896 2659 3181 2881
5040 827.077 7703 5376 6048 1318 2675 2259
5048 775.415 5043 5185 3741 1124 3626 1236
5040 827.077 6098 5958 4483 1768 2839 2476
5048 775.415 9811 6805 7728 1542 3520 2571
5040 827.077 4909 3811 4363 207 2552 998
5048 775.415 8125 5179 6260 704 3388 1332
5040 827.077 4414 4186 3394 1185 2623 1211
5048 775.415 6420 5560 5065 1337 3524 1657
5040 827.077 6005 4493 3092 1430 2664 1469
5048 775.415 8504 6588 6626 1861 3680 2400
5040 827.077 7084 5004 5478 1745 3023 1701
5048 775.415 10567 6955 9177 1381 3435 3175
5040 827.077 8663 5989 4989 1893 3483 2095
5048 775.415 10815 7185 9163 1523 3901 2872
5040 827.077 4783 5047 3948 853 2176 2446
5048 775.415 10155 6763 6991 2033 3176 3192
5040 827.077 2532 3847 2487 0 2570 919
5048 775.415 7866 5730 5771 1376 3230 2038
5040 827.077 4963 5109 3411 1632 2767 2009
5048 775.415 5076 5489 3977 1082 3829 1390
5040 827.077 3886 5249 2983 503 2849 2004
5048 775.415 9584 6604 6755 2719 3513 2648
5040 827.077 5172 5739 3529 1141 3057 2232
5048 775.415 10179 6098 7570 2513 3484 2141
5040 827.077 8144 5077 6460 1820 2974 1657
5048 775.415 5812 6169 4689 1279 3957 1834
5040 827.077 4866 3315 3883 671 2068 766
5048 775.415 8001 6294 5816 1660 4232 1546
5040 827.077 6290 5037 5149 922 2596 1864
5048 775.415 7668 6086 6534 943 4345 1470
5040 827.077 6224 5652 4230 1983 2825 2486
5048 775.415 8688 6052 5460 1240 4067 1665
5040 827.077 8311 5275 5793 1101 2974 1989
5048 775.415 8423 5497 4758 1358 3336 1740
5040 827.077 4772 4679 3908 368 2922 1422
5048 775.415 6796 4816 6552 210 3167 1164
5040 827.077 6301 5411 4898 1172 2512 2538
5048 775.415 11788 6391 10773 949 4443 1575
5040 827.077 7893 5691 6331 1356 3049 2258
5048 775.415 8026 6333 6492 730 3803 2051
5040 827.077 5871 4703 4920 798 3212 1118
5048 775.415 4945 5003 4702 243 3144 1537
5040 827.077 3691 3758 2731 1117 2104 1497
5048 775.415 6600 4930 6170 510 2996 1601
5040 827.077 6306 4699 4290 1906 2843 1521
5048 775.415 11839 7960 7894 2189 5655 1748
5040 827.077 5531 5571 3586 1677 2730 2553
5048 775.415 7124 6134 5070 2080 3493 2081
5040 827.077 5281 3568 4536 829 1976 1316
5048 775.415 6667 5358 5203 1186 3337 1489
5040 827.077 5134 5335 3798 830 2829 2053
5048 775.415 7556 5257 6751 691 3453 1589
5040 827.077 4765 4371 2872 1524 3200 951
5048 775.415 6067 6919 4414 1383 4294 2213
5048 775.415 5125 7655 4003 859 5227 2005
5040 827.077 5600 4881 4339 1090 2388 2147
5040 827.077 4593 4095 3582 1087 2322 1569
5048 775.415 7503 5419 6332 843 3282 1745
5040 827.077 5111 4337 3870 911 2737 1168
5048 775.415 9489 6128 7230 2132 3617 2217
5040 827.077 5004 4196 3203 1258 2356 1486
5048 775.415 11046 5534 9745 1307 3494 1798
5040 827.077 6618 4679 4730 1823 2585 1711
5048 775.415 7239 5002 6010 1274 3292 1238
5040 827.077 7066 4701 3874 937 2555 1831
5048 775.415 5341 5602 4505 187 3657 1470
5040 827.077 7766 3246 5650 1657 2219 573
5048 775.415 8337 6077 6140 1995 3548 2344
5040 827.077 3840 4975 3027 734 2707 1902
5048 775.415 9110 5085 7731 1090 2853 1763
5040 827.077 6273 4975 4673 855 3494 1008
5048 775.415 5587 5071 4163 1326 3335 1403
5040 827.077 8055 4918 6533 1478 2948 1614
5048 775.415 6028 5778 4418 1674 3688 1696
5040 827.077 5854 3855 4831 831 2402 1224
5048 775.415 7860 5055 5800 1849 2804 1789
5040 827.077 4742 2771 4397 0 2520 96
5048 775.415 7572 3938 6063 1285 2869 728
5040 827.077 6086 4161 4319 1687 2576 1118
5048 775.415 7015 5604 6189 789 3636 1545
5040 827.077 9426 4709 7591 750 3116 1320
5048 775.415 5144 5979 4167 1014 4220 1541
5040 827.077 5059 4950 3771 1455 2290 2206
5048 775.415 6385 6414 4925 1467 3797 2164
5040 827.077 4732 4744 3016 1912 2502 1875
5048 775.415 6432 5899 4216 2087 3195 2358
5040 827.077 5382 4110 3571 1812 2575 1140
5048 775.415 6663 5819 5889 915 3077 2384
5040 827.077 7901 4311 5822 1577 2219 1781
5048 775.415 6319 5109 4848 1089 3030 1802
5040 827.077 5470 4849 3495 1520 2086 2311
5048 775.415 6190 6191 3931 2024 3193 2504
5040 827.077 4337 4956 3810 444 1925 2764
5048 775.415 8311 5615 7031 961 3265 1941
5040 827.077 7468 4440 6306 991 2724 1492
5048 775.415 4961 4972 4009 858 3288 1347
5040 827.077 6977 4992 5980 905 3194 1547
5048 775.415 6557 8394 4709 1799 4119 3812
5040 827.077 4957 4597 4092 258 2872 1317
5048 775.415 9350 7031 7615 1466 4079 2422
5040 827.077 5580 5342 4140 1480 3273 1706
5048 775.415 8676 6453 6975 1695 4004 2066
5040 827.077 5362 4935 4139 782 2603 1920
5048 775.415 8595 4950 7387 1241 2793 1932
5040 827.077 6052 3921 5555 459 2084 1496
5048 775.415 6979 6437 4485 2441 3359 2688
5040 827.077 4827 4097 2929 1106 2420 1421
5048 775.415 5568 4764 3582 977 2771 1540
5040 827.077 5455 4530 4458 1016 3120 1050
5048 775.415 7862 6071 5288 1538 3555 2096
5040 827.077 5095 4427 4014 1089 2149 1946
5048 775.415 6249 5699 3833 1584 3101 2331
5040 827.077 6349 6326 4346 1977 2812 3107
5048 775.415 7608 5256 6657 1020 3679 1189
5040 827.077 3997 3922 3241 904 2683 995
5048 775.415 10237 5182 8412 1772 3458 1204
5040 827.077 5486 3664 4463 885 2112 1244
5048 775.415 5795 5349 4191 1585 3944 1098
5040 827.077 6684 4841 5054 1476 2151 2225
5048 775.415 3523 6002 3343 196 3605 2074
5040 827.077 4661 5364 3799 840 2806 2280
5048 775.415 5127 5236 3391 1711 3301 1551
5040 827.077 3668 3612 1978 1585 2301 1077
5048 775.415 7715 5947 6447 1191 3517 2264
5040 827.077 3696 4221 3307 345 2527 1370
5048 775.415 10457 4927 5607 946 3118 1329
5040 827.077 5879 4899 4678 1101 2156 2329
5048 775.415 6609 6031 4361 2313 3388 2346
5040 827.077 6463 6129 5002 1339 3120 2581
5048 775.415 9278 5738 6305 2210 2957 2492
5040 827.077 4768 4853 3865 971 3583 765
5048 775.415 7932 6506 5096 1835 3208 2877
5040 827.077 3625 5398 2584 995 2660 2477
5048 775.415 8393 6151 6249 1338 3573 2117
5040 827.077 5048 3553 3261 458 2333 977
5048 775.415 7100 5346 5721 975 3133 1795
5040 827.077 7265 5071 5862 1368 3026 1811
5048 775.415 7353 6136 6129 1241 3134 2637
5040 827.077 6173 4583 5074 1064 2491 1814
5048 775.415 3987 5632 2741 1294 2682 2587
5040 827.077 7306 5088 4938 2439 2919 1877
5048 775.415 6674 5419 5446 1068 3794 1185
5040 827.077 3339 4302 2901 319 2925 1104
5048 775.415 6084 5450 4322 602 3480 1541
5040 827.077 7322 3216 5495 886 2334 523
5048 775.415 8615 6206 7613 1017 4162 1646
5040 827.077 1852 3920 1648 134 2653 1040
5048 775.415 5219 4077 4291 1011 2272 1570
5040 827.077 11963 4092 11217 478 2535 1104
5048 775.415 6634 6437 5705 695 4092 2040
5040 827.077 5859 3774 5487 194 2513 1020
5048 775.415 5841 6049 4626 1159 3574 2031
5040 827.077 4117 5007 3083 792 2807 1769
5048 775.415 6828 7010 4972 1709 3526 3086
5040 827.077 5797 4790 4805 878 2752 1730
5048 775.415 12945 7300 11152 1573 3935 2913
5040 827.077 3546 4665 2514 993 3261 907
5048 775.415 8987 6567 6600 2316 3632 2542
5040 827.077 3512 2840 2836 637 2203 356
5048 775.415 8486 7162 7188 1249 4075 2603
5040 827.077 3717 5649 2919 843 2798 2551
5048 775.415 7834 4990 5279 2690 2890 1774
5040 827.077 4785 4738 4179 560 2555 1706
5048 775.415 8519 5886 6936 960 2753 2764
5040 827.077 4577 4993 3960 514 2500 2208
5048 775.415 7160 6103 4735 1639 3140 2509
5040 827.077 5623 4604 3814 1123 2866 1417
5048 775.415 8729 5657 7548 1141 3519 1850
5040 827.077 3413 5617 2299 1207 2236 2916
5048 775.415 7717 6148 7044 640 3696 2127
5040 827.077 5307 4625 4508 724 2687 1532
5048 775.415 8183 5463 6752 1212 3572 1439
