#station_id r_mc scin_lg_tot_sig wcd_lg_tot_sig scin_lg_em_sig scin_lg_mu_sig wcd_lg_em_sig wcd_lg_mu_sig
5040 242.834 1350 138850 1170 47 117917 20428
5048 272.168 925 96532 832 23 83415 12917
5048 272.168 903 101906 869 32 85707 15829
5040 242.834 1384 145880 1289 64 125546 19502
5040 242.834 1242 130411 1143 49 117107 13174
5048 272.168 838 95300 770 25 81278 13765
5040 242.834 1669 177479 1570 66 157889 19152
5048 272.168 1056 123471 923 44 106026 16933
5040 242.834 1481 155495 1428 29 138510 17053
5048 272.168 1075 113496 994 29 99441 13878
5040 242.834 1684 178676 1540 89 151335 26844
5048 272.168 1224 127083 1086 63 106620 19814
5040 242.834 1092 119706 1016 36 102697 16696
5048 272.168 825 91922 693 26 78376 13291
5040 242.834 1520 147493 1404 54 129822 16969
5048 272.168 971 112095 909 19 97814 13428
5040 242.834 1470 138394 1307 55 121267 16517
5048 272.168 781 96548 666 29 80705 15541
5040 242.834 1366 142712 1243 55 125134 17737
5048 272.168 849 96679 698 46 79973 16177
5040 242.834 1417 156699 1390 42 141550 14595
5048 272.168 1065 108204 1003 21 96464 11524
5040 242.834 1615 163065 1475 46 145612 16679
5048 272.168 1036 111565 972 24 97275 13693
5040 242.834 1340 149422 1184 71 124373 24593
5048 272.168 1021 113804 865 46 95262 18159
5040 242.834 1675 165603 1566 43 149175 16062
5048 272.168 1153 119724 1054 18 106246 12917
5040 242.834 1776 160556 1607 53 145661 14422
5048 272.168 1167 109835 1069 30 97878 11978
5040 242.834 1345 140264 1211 52 123030 16721
5048 272.168 950 100461 812 53 84551 15880
5040 242.834 1672 174116 1591 61 154217 19674
5048 272.168 1246 116668 1100 67 99430 16548
5040 242.834 1428 147224 1281 69 129000 17739
5048 272.168 993 107924 894 44 91819 15757
5040 242.834 1301 138500 1236 34 120862 17459
5048 272.168 1187 117700 983 42 101581 15922
5040 242.834 1535 163396 1445 70 142668 20355
5048 272.168 1032 117609 931 49 98796 18653
5040 242.834 1158 135378 1061 68 113864 21197
5048 272.168 852 95885 714 52 80253 14713
5040 242.834 1412 141524 1287 42 122609 18663
5048 272.168 925 97829 837 28 86349 10952
5040 242.834 1258 138203 1200 27 125345 12651
5048 272.168 846 99351 829 25 86130 12778
5040 242.834 1416 142927 1312 47 120808 21536
5048 272.168 859 93986 722 32 80939 12522
5040 242.834 1552 162317 1421 49 145921 16065
5048 272.168 1109 117257 938 34 103285 13554
5040 242.834 1240 150581 1103 61 127476 22575
5048 272.168 1044 115890 950 48 100032 15757
5040 242.834 1641 169981 1477 54 151028 18570
5048 272.168 1235 115615 1110 32 100770 14301
5040 242.834 1703 174120 1493 96 148501 25131
5048 272.168 1299 128747 1157 45 110543 17771
5040 242.834 1276 127343 1144 44 112448 14259
5048 272.168 850 94281 755 26 82124 12008
5040 242.834 1221 150870 1108 97 127612 22513
5048 272.168 919 108276 900 22 91974 15469
5048 272.168 956 103904 847 31 86905 16713
5040 242.834 1442 145784 1318 51 127464 17940
5040 242.834 1651 160962 1545 57 140894 19426
5048 272.168 1120 106249 998 30 92827 12860
5040 242.834 1431 142976 1302 34 125801 16995
5048 272.168 1027 111524 940 23 98158 12569
5040 242.834 1229 122773 1157 52 105796 16188
5048 272.168 778 84919 694 24 72402 12237
5040 242.834 1586 144408 1390 41 129464 14727
5048 272.168 1054 105063 932 29 93794 11238
5040 242.834 1240 133329 1190 51 116048 16382
5048 272.168 1110 99084 1005 52 85237 13726
5040 242.834 1373 151684 1220 65 132249 18951
5048 272.168 874 100836 770 26 86161 14090
5040 242.834 1392 145368 1303 43 123581 21470
5048 272.168 910 98868 806 35 82546 15749
5040 242.834 1607 165613 1518 58 145582 19563
5048 272.168 1363 119948 1235 35 101534 17142
5040 242.834 1260 137653 1168 68 116571 20753
5048 272.168 1009 102102 818 55 82610 19071
5040 242.834 1079 127509 1005 55 108603 18637
5048 272.168 808 93722 727 32 79009 14423
5040 242.834 1441 142797 1341 10 134578 7892
5048 272.168 1052 104874 1010 13 96570 8238
5040 242.834 1141 130540 1010 37 114390 16002
5048 272.168 813 97037 716 37 80586 15719
5040 242.834 1278 138759 1170 43 117833 20313
5048 272.168 853 95139 741 52 80255 14511
5040 242.834 1182 129016 1024 75 108766 19747
5048 272.168 815 94140 708 40 76449 17097
5040 242.834 1438 159173 1305 52 139863 18640
5048 272.168 1033 114599 883 52 96769 17221
5040 242.834 1252 142942 1158 50 123283 19510
5048 272.168 1038 110143 948 34 96280 13417
5040 242.834 1628 171382 1489 68 145165 25942
5048 272.168 1101 125248 1066 59 104588 19969
5040 242.834 1320 132821 1201 59 113091 18762
5048 272.168 914 98467 811 36 83415 15160
5040 242.834 1459 144166 1385 47 127572 16208
5048 272.168 980 104954 872 40 92040 12000
5040 242.834 1065 124072 991 25 108265 15059
5048 272.168 847 96575 797 32 80383 15914
5048 272.168 932 107922 836 62 91585 16172
5040 242.834 1393 149520 1282 66 128297 20453
5040 242.834 1716 161128 1586 37 141325 19751
5048 272.168 1165 134657 1022 49 114167 19849
5040 242.834 1571 148066 1410 51 127684 19970
5048 272.168 910 103970 822 46 85356 18092
5040 242.834 1487 144939 1360 52 129118 15546
5048 272.168 926 103147 902 27 89143 13854
5040 242.834 1351 141806 1290 60 124819 16577
5048 272.168 1074 106330 958 38 90886 15338
5048 272.168 1162 121803 1082 46 105454 16021
5040 242.834 1708 180597 1610 57 160605 19149
5040 242.834 1430 160811 1327 75 138661 21408
5048 272.168 979 111354 914 36 94290 16610
5040 242.834 1253 124502 1178 46 108024 15939
5048 272.168 923 101272 827 63 87080 13768
5040 242.834 1676 178334 1476 75 157512 20359
5048 272.168 1150 121049 1016 52 105158 15382
5048 272.168 1122 131458 1061 69 107052 23564
5040 242.834 1680 180201 1542 64 158571 20977
5040 242.834 1290 129209 1242 42 113252 15708
5048 272.168 840 92913 779 25 81733 10760
5040 242.834 1469 146040 1316 60 129828 15880
5048 272.168 1089 108057 982 27 98667 9129
5040 242.834 1327 140009 1161 54 120825 19349
5048 272.168 846 94083 722 24 80553 13026
5040 242.834 1864 171973 1727 33 155330 16371
5048 272.168 1197 115608 1129 42 102374 12535
5040 242.834 1454 153248 1379 27 137460 15265
5048 272.168 1068 111313 974 37 99255 11788
5040 242.834 1090 119043 979 54 99354 19049
5048 272.168 782 92023 684 37 74995 17261
5040 242.834 1388 142425 1255 45 122366 19425
5048 272.168 916 101632 850 21 85051 15871
5040 242.834 1503 154933 1391 44 142342 12214
5048 272.168 1067 102728 1000 20 90985 11741
5040 242.834 1264 142745 1130 61 121923 20271
5048 272.168 893 93710 788 45 75512 17574
5040 242.834 1399 151239 1219 44 132567 17887
5048 272.168 1042 108373 935 38 92705 14987
5040 242.834 1313 136382 1233 26 124592 11404
5048 272.168 909 92966 872 15 83203 9316
5040 242.834 1717 174087 1544 68 153645 19953
5048 272.168 1075 116932 974 27 101118 15738
5040 242.834 1192 132777 1044 57 111049 21294
5048 272.168 764 90495 600 48 72451 17516
5040 242.834 1478 145551 1325 39 130718 14148
5048 272.168 832 91403 743 32 80904 10180
5040 242.834 1453 163239 1322 62 141367 21531
5048 272.168 1012 118520 916 42 98103 19790
5048 272.168 1064 115064 925 43 97149 17764
5040 242.834 1449 147851 1373 26 132687 14724
5040 242.834 1436 153273 1327 59 133334 18979
5048 272.168 1146 108524 1022 43 91366 16506
5040 242.834 1450 157036 1345 39 140801 15880
5048 272.168 1025 106828 988 22 93136 13411
5040 242.834 1335 136852 1287 25 122451 13742
5048 272.168 935 97757 845 27 84284 13072
5040 242.834 1509 155063 1290 60 136535 17936
5048 272.168 1012 118732 945 53 104590 13815
5040 242.834 1378 140971 1310 39 129519 10911
5048 272.168 967 100177 906 8 88333 11206
5040 242.834 1323 150121 1234 44 132919 16952
5048 272.168 959 107386 818 49 91510 15243
5040 242.834 1362 157059 1246 40 139320 17501
5048 272.168 999 113980 914 31 99781 13748
5040 242.834 1265 139387 1087 84 114125 24943
5048 272.168 764 91009 649 64 75479 15123
5048 272.168 1130 115221 1068 8 102555 12320
5040 242.834 1555 158742 1476 61 142394 15731
5040 242.834 1246 141022 1105 75 117474 22930
5048 272.168 887 93189 775 35 79250 13606
5040 242.834 1584 167326 1482 46 146367 20239
5048 272.168 1105 112466 1024 45 97706 14761
5040 242.834 1511 154412 1440 77 134742 18896
5048 272.168 1086 116218 971 44 100506 15010
5040 242.834 1142 125466 979 73 104877 19934
5048 272.168 777 91412 662 39 73204 17713
5040 242.834 1463 169508 1347 57 148035 21553
5048 272.168 1052 109064 959 35 94128 14267
5040 242.834 1457 144306 1366 41 125987 17901
5048 272.168 974 100516 829 35 86792 13399
5040 242.834 1184 130369 1095 53 115096 14562
5048 272.168 931 96873 854 27 83300 13466
5040 242.834 1444 158988 1386 37 140517 18112
5048 272.168 1059 118042 983 42 103355 14209
5040 242.834 1402 139886 1269 66 120266 19489
5048 272.168 895 93040 781 22 79705 12966
5040 242.834 1593 172938 1470 72 149760 22485
5048 272.168 1055 112478 1001 26 94937 16682
5040 242.834 1545 152007 1404 43 134092 17354
5048 272.168 1082 116394 1005 28 101717 14112
5040 242.834 1132 116836 985 40 99960 16847
5048 272.168 825 89748 677 29 73362 15701
5040 242.834 1631 165382 1478 49 146207 18919
5048 272.168 1075 106329 987 40 91048 15208
5040 242.834 1574 144816 1440 64 123574 20762
5048 272.168 943 100132 782 58 84067 15462
5040 242.834 1114 135128 1048 52 117645 17378
5048 272.168 857 97910 807 30 82536 14802
5040 242.834 1549 175191 1421 53 151602 22916
5048 272.168 1201 121876 1047 58 104513 16958
5040 242.834 1310 133326 1238 45 118154 15037
5048 272.168 977 99717 909 24 87874 11510
5040 242.834 1432 155619 1339 41 140435 15007
5048 272.168 979 105667 961 14 96292 8865
5040 242.834 1306 140327 1241 46 122556 17331
5048 272.168 883 102312 792 38 84640 17247
5040 242.834 1426 150749 1328 37 134896 15359
5048 272.168 969 104968 927 31 92380 11988
5040 242.834 1681 168190 1535 80 144048 23787
5048 272.168 1005 117017 901 47 99018 17539
5040 242.834 1428 159425 1271 39 139468 19493
5048 272.168 1002 108967 894 35 91742 16843
5040 242.834 1661 152830 1461 56 135671 16424
5048 272.168 1077 115926 925 46 100103 15621
5040 242.834 1427 140325 1307 38 125588 14311
5048 272.168 1122 109539 1037 23 96636 12638
5040 242.834 1436 156302 1366 33 137028 19177
5048 272.168 1188 121014 1088 40 102041 18563
5040 242.834 1397 143668 1306 59 126153 17423
5048 272.168 791 106208 720 45 87996 17992
5040 242.834 1453 162254 1360 83 140264 21559
5048 272.168 1041 117848 963 61 97209 20738
5040 242.834 1729 181820 1570 73 156018 24995
5048 272.168 1156 122531 979 52 104984 17192
5040 242.834 1234 132595 1094 86 110832 21591
5048 272.168 956 91035 821 31 78029 12828
5040 242.834 1216 130188 1048 41 111724 18175
5048 272.168 785 95399 714 41 79812 14962
5040 242.834 1736 158329 1623 59 137908 19732
5048 272.168 1061 110250 886 26 93688 16012
#station_id r_mc scin_lg_tot_sig wcd_lg_tot_sig scin_lg_em_sig scin_lg_mu_sig wcd_lg_em_sig wcd_lg_mu_sig
5040 242.834 1350 138850 1170 47 117917 20428
5048 272.168 925 96532 832 23 83415 12917
5048 272.168 903 101906 869 32 85707 15829
5040 242.834 1384 145880 1289 64 125546 19502
5040 242.834 1242 130411 1143 49 117107 13174
5048 272.168 838 95300 770 25 81278 13765
5040 242.834 1669 177479 1570 66 157889 19152
5048 272.168 1056 123471 923 44 106026 16933
5040 242.834 1481 155495 1428 29 138510 17053
5048 272.168 1075 113496 994 29 99441 13878
5040 242.834 1684 178676 1540 89 151335 26844
5048 272.168 1224 127083 1086 63 106620 19814
5040 242.834 1092 119706 1016 36 102697 16696
5048 272.168 825 91922 693 26 78376 13291
5040 242.834 1520 147493 1404 54 129822 16969
5048 272.168 971 112095 909 19 97814 13428
5040 242.834 1470 138394 1307 55 121267 16517
5048 272.168 781 96548 666 29 80705 15541
5040 242.834 1366 142712 1243 55 125134 17737
5048 272.168 849 96679 698 46 79973 16177
5040 242.834 1417 156699 1390 42 141550 14595
5048 272.168 1065 108204 1003 21 96464 11524
5040 242.834 1615 163065 1475 46 145612 16679
5048 272.168 1036 111565 972 24 97275 13693
5040 242.834 1340 149422 1184 71 124373 24593
5048 272.168 1021 113804 865 46 95262 18159
5040 242.834 1675 165603 1566 43 149175 16062
5048 272.168 1153 119724 1054 18 106246 12917
5040 242.834 1776 160556 1607 53 145661 14422
5048 272.168 1167 109835 1069 30 97878 11978
5040 242.834 1345 140264 1211 52 123030 16721
5048 272.168 950 100461 812 53 84551 15880
5040 242.834 1672 174116 1591 61 154217 19674
5048 272.168 1246 116668 1100 67 99430 16548
5040 242.834 1428 147224 1281 69 129000 17739
5048 272.168 993 107924 894 44 91819 15757
5040 242.834 1301 138500 1236 34 120862 17459
5048 272.168 1187 117700 983 42 101581 15922
5040 242.834 1535 163396 1445 70 142668 20355
5048 272.168 1032 117609 931 49 98796 18653
5040 242.834 1158 135378 1061 68 113864 21197
5048 272.168 852 95885 714 52 80253 14713
5040 242.834 1412 141524 1287 42 122609 18663
5048 272.168 925 97829 837 28 86349 10952
5040 242.834 1258 138203 1200 27 125345 12651
5048 272.168 846 99351 829 25 86130 12778
5040 242.834 1416 142927 1312 47 120808 21536
5048 272.168 859 93986 722 32 80939 12522
5040 242.834 1552 162317 1421 49 145921 16065
5048 272.168 1109 117257 938 34 103285 13554
5040 242.834 1240 150581 1103 61 127476 22575
5048 272.168 1044 115890 950 48 100032 15757
5040 242.834 1641 169981 1477 54 151028 18570
5048 272.168 1235 115615 1110 32 100770 14301
5040 242.834 1703 174120 1493 96 148501 25131
5048 272.168 1299 128747 1157 45 110543 17771
5040 242.834 1276 127343 1144 44 112448 14259
5048 272.168 850 94281 755 26 82124 12008
5040 242.834 1221 150870 1108 97 127612 22513
5048 272.168 919 108276 900 22 91974 15469
5048 272.168 956 103904 847 31 86905 16713
5040 242.834 1442 145784 1318 51 127464 17940
5040 242.834 1651 160962 1545 57 140894 19426
5048 272.168 1120 106249 998 30 92827 12860
5040 242.834 1431 142976 1302 34 125801 16995
5048 272.168 1027 111524 940 23 98158 12569
5040 242.834 1229 122773 1157 52 105796 16188
5048 272.168 778 84919 694 24 72402 12237
5040 242.834 1586 144408 1390 41 129464 14727
5048 272.168 1054 105063 932 29 93794 11238
5040 242.834 1240 133329 1190 51 116048 16382
5048 272.168 1110 99084 1005 52 85237 13726
5040 242.834 1373 151684 1220 65 132249 18951
5048 272.168 874 100836 770 26 86161 14090
5040 242.834 1392 145368 1303 43 123581 21470
5048 272.168 910 98868 806 35 82546 15749
5040 242.834 1607 165613 1518 58 145582 19563
5048 272.168 1363 119948 1235 35 101534 17142
5040 242.834 1260 137653 1168 68 116571 20753
5048 272.168 1009 102102 818 55 82610 19071
5040 242.834 1079 127509 1005 55 108603 18637
5048 272.168 808 93722 727 32 79009 14423
5040 242.834 1441 142797 1341 10 134578 7892
5048 272.168 1052 104874 1010 13 96570 8238
5040 242.834 1141 130540 1010 37 114390 16002
5048 272.168 813 97037 716 37 80586 15719
5040 242.834 1278 138759 1170 43 117833 20313
5048 272.168 853 95139 741 52 80255 14511
5040 242.834 1182 129016 1024 75 108766 19747
5048 272.168 815 94140 708 40 76449 17097
5040 242.834 1438 159173 1305 52 139863 18640
5048 272.168 1033 114599 883 52 96769 17221
5040 242.834 1252 142942 1158 50 123283 19510
5048 272.168 1038 110143 948 34 96280 13417
5040 242.834 1628 171382 1489 68 145165 25942
5048 272.168 1101 125248 1066 59 104588 19969
5040 242.834 1320 132821 1201 59 113091 18762
5048 272.168 914 98467 811 36 83415 15160
5040 242.834 1459 144166 1385 47 127572 16208
5048 272.168 980 104954 872 40 92040 12000
5040 242.834 1065 124072 991 25 108265 15059
5048 272.168 847 96575 797 32 80383 15914
5048 272.168 932 107922 836 62 91585 16172
5040 242.834 1393 149520 1282 66 128297 20453
5040 242.834 1716 161128 1586 37 141325 19751
5048 272.168 1165 134657 1022 49 114167 19849
5040 242.834 1571 148066 1410 51 127684 19970
5048 272.168 910 103970 822 46 85356 18092
5040 242.834 1487 144939 1360 52 129118 15546
5048 272.168 926 103147 902 27 89143 13854
5040 242.834 1351 141806 1290 60 124819 16577
5048 272.168 1074 106330 958 38 90886 15338
5048 272.168 1162 121803 1082 46 105454 16021
5040 242.834 1708 180597 1610 57 160605 19149
5040 242.834 1430 160811 1327 75 138661 21408
5048 272.168 979 111354 914 36 94290 16610
5040 242.834 1253 124502 1178 46 108024 15939
5048 272.168 923 101272 827 63 87080 13768
5040 242.834 1676 178334 1476 75 157512 20359
5048 272.168 1150 121049 1016 52 105158 15382
5048 272.168 1122 131458 1061 69 107052 23564
5040 242.834 1680 180201 1542 64 158571 20977
5040 242.834 1290 129209 1242 42 113252 15708
5048 272.168 840 92913 779 25 81733 10760
5040 242.834 1469 146040 1316 60 129828 15880
5048 272.168 1089 108057 982 27 98667 9129
5040 242.834 1327 140009 1161 54 120825 19349
5048 272.168 846 94083 722 24 80553 13026
5040 242.834 1864 171973 1727 33 155330 16371
5048 272.168 1197 115608 1129 42 102374 12535
5040 242.834 1454 153248 1379 27 137460 15265
5048 272.168 1068 111313 974 37 99255 11788
5040 242.834 1090 119043 979 54 99354 19049
5048 272.168 782 92023 684 37 74995 17261
5040 242.834 1388 142425 1255 45 122366 19425
5048 272.168 916 101632 850 21 85051 15871
5040 242.834 1503 154933 1391 44 142342 12214
5048 272.168 1067 102728 1000 20 90985 11741
5040 242.834 1264 142745 1130 61 121923 20271
5048 272.168 893 93710 788 45 75512 17574
5040 242.834 1399 151239 1219 44 132567 17887
5048 272.168 1042 108373 935 38 92705 14987
5040 242.834 1313 136382 1233 26 124592 11404
5048 272.168 909 92966 872 15 83203 9316
5040 242.834 1717 174087 1544 68 153645 19953
5048 272.168 1075 116932 974 27 101118 15738
5040 242.834 1192 132777 1044 57 111049 21294
5048 272.168 764 90495 600 48 72451 17516
5040 242.834 1478 145551 1325 39 130718 14148
5048 272.168 832 91403 743 32 80904 10180
5040 242.834 1453 163239 1322 62 141367 21531
5048 272.168 1012 118520 916 42 98103 19790
5048 272.168 1064 115064 925 43 97149 17764
5040 242.834 1449 147851 1373 26 132687 14724
5040 242.834 1436 153273 1327 59 133334 18979
5048 272.168 1146 108524 1022 43 91366 16506
5040 242.834 1450 157036 1345 39 140801 15880
5048 272.168 1025 106828 988 22 93136 13411
5040 242.834 1335 136852 1287 25 122451 13742
5048 272.168 935 97757 845 27 84284 13072
5040 242.834 1509 155063 1290 60 136535 17936
5048 272.168 1012 118732 945 53 104590 13815
5040 242.834 1378 140971 1310 39 129519 10911
5048 272.168 967 100177 906 8 88333 11206
5040 242.834 1323 150121 1234 44 132919 16952
5048 272.168 959 107386 818 49 91510 15243
5040 242.834 1362 157059 1246 40 139320 17501
5048 272.168 999 113980 914 31 99781 13748
5040 242.834 1265 139387 1087 84 114125 24943
5048 272.168 764 91009 649 64 75479 15123
5048 272.168 1130 115221 1068 8 102555 12320
5040 242.834 1555 158742 1476 61 142394 15731
5040 242.834 1246 141022 1105 75 117474 22930
5048 272.168 887 93189 775 35 79250 13606
5040 242.834 1584 167326 1482 46 146367 20239
5048 272.168 1105 112466 1024 45 97706 14761
5040 242.834 1511 154412 1440 77 134742 18896
5048 272.168 1086 116218 971 44 100506 15010
5040 242.834 1142 125466 979 73 104877 19934
5048 272.168 777 91412 662 39 73204 17713
5040 242.834 1463 169508 1347 57 148035 21553
5048 272.168 1052 109064 959 35 94128 14267
5040 242.834 1457 144306 1366 41 125987 17901
5048 272.168 974 100516 829 35 86792 13399
5040 242.834 1184 130369 1095 53 115096 14562
5048 272.168 931 96873 854 27 83300 13466
5040 242.834 1444 158988 1386 37 140517 18112
5048 272.168 1059 118042 983 42 103355 14209
5040 242.834 1402 139886 1269 66 120266 19489
5048 272.168 895 93040 781 22 79705 12966
5040 242.834 1593 172938 1470 72 149760 22485
5048 272.168 1055 112478 1001 26 94937 16682
5040 242.834 1545 152007 1404 43 134092 17354
5048 272.168 1082 116394 1005 28 101717 14112
5040 242.834 1132 116836 985 40 99960 16847
5048 272.168 825 89748 677 29 73362 15701
5040 242.834 1631 165382 1478 49 146207 18919
5048 272.168 1075 106329 987 40 91048 15208
5040 242.834 1574 144816 1440 64 123574 20762
5048 272.168 943 100132 782 58 84067 15462
5040 242.834 1114 135128 1048 52 117645 17378
5048 272.168 857 97910 807 30 82536 14802
5040 242.834 1549 175191 1421 53 151602 22916
5048 272.168 1201 121876 1047 58 104513 16958
5040 242.834 1310 133326 1238 45 118154 15037
5048 272.168 977 99717 909 24 87874 11510
5040 242.834 1432 155619 1339 41 140435 15007
5048 272.168 979 105667 961 14 96292 8865
5040 242.834 1306 140327 1241 46 122556 17331
5048 272.168 883 102312 792 38 84640 17247
5040 242.834 1426 150749 1328 37 134896 15359
5048 272.168 969 104968 927 31 92380 11988
5040 242.834 1681 168190 1535 80 144048 23787
5048 272.168 1005 117017 901 47 99018 17539
5040 242.834 1428 159425 1271 39 139468 19493
5048 272.168 1002 108967 894 35 91742 16843
5040 242.834 1661 152830 1461 56 135671 16424
5048 272.168 1077 115926 925 46 100103 15621
5040 242.834 1427 140325 1307 38 125588 14311
5048 272.168 1122 109539 1037 23 96636 12638
5040 242.834 1436 156302 1366 33 137028 19177
5048 272.168 1188 121014 1088 40 102041 18563
5040 242.834 1397 143668 1306 59 126153 17423
5048 272.168 791 106208 720 45 87996 17992
5040 242.834 1453 162254 1360 83 140264 21559
5048 272.168 1041 117848 963 61 97209 20738
5040 242.834 1729 181820 1570 73 156018 24995
5048 272.168 1156 122531 979 52 104984 17192
5040 242.834 1234 132595 1094 86 110832 21591
5048 272.168 956 91035 821 31 78029 12828
5040 242.834 1216 130188 1048 41 111724 18175
5048 272.168 785 95399 714 41 79812 14962
5040 242.834 1736 158329 1623 59 137908 19732
5048 272.168 1061 110250 886 26 93688 16012
#station_id r_mc scin_lg_tot_sig wcd_lg_tot_sig scin_lg_em_sig scin_lg_mu_sig wcd_lg_em_sig wcd_lg_mu_sig
5040 242.834 1473 147092 1297 64 124130 22090
5048 272.168 917 102624 867 41 86954 15284
5040 242.834 1714 154708 1668 12 141932 12010
5048 272.168 1148 105553 1069 10 97830 7239
5040 242.834 1609 177242 1497 67 156669 19967
5048 272.168 1064 113128 937 45 94980 17553
5040 242.834 1576 147800 1396 58 128440 18704
5048 272.168 925 107084 926 36 91103 15824
5040 242.834 1695 164202 1504 72 142026 21764
5048 272.168 1202 119530 1104 48 101377 17478
5040 242.834 1629 173129 1432 42 153833 18501
5048 272.168 1056 114868 992 36 101053 13451
5040 242.834 1205 127474 1053 49 109249 18044
5048 272.168 838 101176 743 25 86709 13978
5048 272.168 986 97280 859 32 82509 14107
5040 242.834 1373 141742 1266 36 125228 16126
5040 242.834 1386 141684 1249 50 127041 13970
5048 272.168 876 94552 771 32 80765 13287
5040 242.834 1475 145441 1289 61 126143 18497
5048 272.168 1154 105382 987 25 92762 12685
5040 242.834 1371 150688 1256 63 129188 20939
5048 272.168 1074 106233 932 51 90989 15401
5040 242.834 1463 154196 1379 47 135531 18341
5048 272.168 1011 111999 914 42 98485 13782
5040 242.834 1402 149348 1246 58 127151 21338
5048 272.168 1201 114543 1036 53 96640 17020
5040 242.834 1251 150734 1154 59 127959 22176
5048 272.168 1100 116241 976 36 102101 13808
5040 242.834 1671 176397 1585 48 157350 18483
5048 272.168 1100 122606 988 42 105822 16532
5040 242.834 1497 145515 1402 38 127680 16964
5048 272.168 966 104300 943 38 90807 13043
5040 242.834 1832 164081 1689 25 148190 15572
5048 272.168 1135 107788 1007 28 95147 12143
5040 242.834 1749 169448 1573 41 145841 22868
5048 272.168 1283 132426 1196 59 114175 17717
5048 272.168 846 96081 717 53 76911 18644
5040 242.834 1243 132860 1046 69 110767 22045
5040 242.834 1220 153667 1127 43 132394 21280
5048 272.168 938 105462 849 38 90615 14504
5040 242.834 1324 136903 1194 65 117412 19329
5048 272.168 865 90287 765 37 76619 13400
5040 242.834 1582 161823 1462 51 144574 17087
5048 272.168 1117 114125 1037 30 102277 11327
5040 242.834 1382 138725 1193 61 120293 17926
5048 272.168 947 102692 825 31 86552 15504
5040 242.834 1821 166017 1623 45 143988 21110
5048 272.168 1132 122855 1060 39 105868 16516
5040 242.834 1110 141036 1049 41 123236 17247
5048 272.168 913 99059 772 35 83971 14650
5040 242.834 1552 157937 1376 58 136519 20605
5048 272.168 1012 107636 872 61 93913 13619
5040 242.834 1352 156136 1284 67 135304 20333
5048 272.168 1065 111707 917 51 95225 15831
5040 242.834 1236 118830 1078 53 101094 17163
5048 272.168 745 86358 721 25 73101 12696
5040 242.834 1421 143076 1269 57 122701 19725
5048 272.168 1056 112060 943 36 95645 15616
5040 242.834 1309 139293 1209 32 120421 18646
5048 272.168 828 98925 806 25 83925 14522
5040 242.834 1327 150375 1268 56 129732 20309
5048 272.168 1012 97883 859 67 82668 14616
5040 242.834 1509 139929 1344 49 122276 16976
5048 272.168 776 90169 707 41 74870 14891
5040 242.834 1575 170351 1453 62 150331 19391
5048 272.168 1190 113197 1088 37 98985 14305
5040 242.834 1052 125375 955 46 106840 18133
5048 272.168 827 87678 746 25 73661 13414
5040 242.834 1608 162101 1489 57 143600 17697
5048 272.168 1081 118119 945 86 99918 17430
5040 242.834 1336 133798 1250 21 117365 15874
5048 272.168 932 92405 788 39 80056 12035
5040 242.834 1582 158949 1428 85 135627 22859
5048 272.168 1053 109479 967 35 89274 19756
5040 242.834 1470 150964 1438 22 132688 17430
5048 272.168 1019 99579 900 30 86532 12705
5040 242.834 1746 179284 1631 52 155296 23482
5048 272.168 1288 131398 1187 58 114023 17172
5048 272.168 1041 115008 888 57 96864 17916
5040 242.834 1505 159989 1364 73 137813 21927
5040 242.834 1682 163817 1590 47 151002 12551
5048 272.168 1020 109633 916 28 96819 12501
5040 242.834 1501 145298 1430 50 129616 15205
5048 272.168 1043 103146 930 33 91307 11612
5040 242.834 1275 147413 1156 62 125849 20940
5048 272.168 1028 116826 893 33 100425 16186
5040 242.834 1447 147535 1354 55 132162 15305
5048 272.168 980 108086 896 27 94585 12924
5040 242.834 1552 158460 1443 37 142238 15948
5048 272.168 1113 122297 1029 50 105142 16241
5040 242.834 1560 144527 1476 50 127055 16709
5048 272.168 940 101326 916 26 86049 15016
5040 242.834 1263 139667 1133 48 121803 17109
5048 272.168 876 106227 825 24 92645 13512
5040 242.834 1632 167741 1466 72 143372 23821
5048 272.168 1239 123174 1123 42 107821 14843
5040 242.834 1263 129695 1131 57 110914 18266
5048 272.168 861 95647 790 36 82466 12881
5040 242.834 1311 134045 1260 27 115656 18250
5048 272.168 722 93509 607 21 77301 15595
5040 242.834 1282 140917 1120 49 122995 17591
5048 272.168 993 107983 908 45 93452 13920
5040 242.834 1540 165516 1461 30 150254 14884
5048 272.168 1174 112968 1059 35 98841 13545
5040 242.834 1516 153301 1401 32 136656 15832
5048 272.168 1054 101748 945 20 90457 10831
5040 242.834 1241 135615 1089 72 113314 21988
5048 272.168 841 98247 738 32 82071 15911
5040 242.834 1889 188828 1785 49 163834 23978
5048 272.168 1259 133728 1143 54 115963 17717
5040 242.834 1483 161774 1403 31 149030 12144
5048 272.168 1014 99325 899 51 88611 10474
5040 242.834 1352 152524 1250 69 129483 22599
5048 272.168 1024 108389 877 58 90500 17732
5040 242.834 1343 129677 1221 16 118268 10886
5048 272.168 1024 100593 866 39 86523 13852
5040 242.834 1605 176631 1507 52 156124 20193
5048 272.168 1133 120551 995 32 101064 18759
5040 242.834 1464 158869 1331 69 136727 21933
5048 272.168 1087 116221 964 49 96037 19888
5040 242.834 1295 145057 1137 69 122623 22162
5048 272.168 941 103688 860 40 85969 17418
5040 242.834 1309 142046 1262 41 127820 13638
5048 272.168 923 99869 859 16 88023 11711
5040 242.834 1522 153268 1381 49 133842 18972
5048 272.168 871 100769 752 39 84345 15694
5040 242.834 1196 126948 1109 40 111589 15054
5048 272.168 920 92239 807 30 79546 12627
5040 242.834 1169 130692 1063 33 113716 16670
5048 272.168 870 97896 753 37 83120 13773
5040 242.834 1098 137086 1040 18 120133 16824
5048 272.168 914 96015 823 20 82332 13218
5048 272.168 1179 119375 1081 31 102491 16661
5040 242.834 1465 159595 1365 34 140065 19168
5040 242.834 1415 133095 1244 71 113639 19398
5048 272.168 957 98837 862 33 83578 14897
5040 242.834 1603 149032 1464 33 137931 11040
5048 272.168 1070 111589 985 11 102456 8977
5040 242.834 1296 135221 1154 59 117164 17635
5048 272.168 966 95971 831 37 83247 12179
5040 242.834 1500 156931 1325 62 136641 20269
5048 272.168 1053 113279 936 47 98573 14260
5040 242.834 1173 135550 1084 33 120140 14751
5048 272.168 848 95357 719 23 81988 12686
5040 242.834 1383 150304 1266 73 126358 23117
5048 272.168 1000 102395 877 67 86689 15211
5040 242.834 1415 146707 1301 33 132391 13298
5048 272.168 1006 102930 900 31 89877 12789
5040 242.834 1454 167294 1300 77 144487 22243
5048 272.168 1096 107957 933 66 90809 16503
5040 242.834 1098 130757 1040 30 115195 15188
5048 272.168 927 86431 794 38 76449 9808
5040 242.834 1069 129694 955 46 111919 17436
5048 272.168 838 91507 704 46 76086 15301
5040 242.834 1573 145605 1360 98 119369 25880
5048 272.168 1008 101930 829 34 88319 13243
5040 242.834 1178 137088 1100 52 121141 15565
5048 272.168 920 103826 827 28 89537 13591
5040 242.834 1467 160945 1396 34 144084 16430
5048 272.168 1152 116922 1044 36 100784 15215
5040 242.834 1539 160828 1447 47 139267 21157
5048 272.168 954 102321 890 40 87946 14181
5040 242.834 1592 162374 1432 60 141195 20637
5048 272.168 1156 111148 1013 31 97038 13761
5040 242.834 1587 172010 1459 39 153262 18881
5048 272.168 1184 129170 1072 35 114207 15016
5040 242.834 1499 152654 1371 60 134970 17296
5048 272.168 999 107384 858 19 93731 13238
5040 242.834 1353 143216 1223 63 121779 20610
5048 272.168 991 98250 852 42 83070 14881
5040 242.834 1480 149803 1359 52 128429 20908
5048 272.168 1009 106037 896 43 87639 17888
5040 242.834 1561 165653 1424 49 144786 20526
5048 272.168 1212 118272 1050 57 100776 17006
5040 242.834 1873 190558 1689 70 166647 23433
5048 272.168 1253 139493 1152 50 122844 16311
5040 242.834 1444 155033 1359 40 135834 18538
5048 272.168 1068 114578 952 41 95490 18501
5040 242.834 1297 137251 1160 55 119413 17195
5048 272.168 966 96734 865 27 83498 12840
5040 242.834 1535 148149 1368 40 131186 16604
5048 272.168 1043 103583 935 35 88874 14379
5048 272.168 1249 117442 1123 44 100667 16515
5040 242.834 1588 165464 1390 78 142970 22358
5040 242.834 1614 161046 1460 59 139799 20954
5048 272.168 946 108157 890 46 91095 16417
5040 242.834 1305 146519 1149 68 127030 18916
5048 272.168 858 94979 761 28 78398 16318
5040 242.834 1096 129100 1032 50 113577 15433
5048 272.168 939 100216 860 20 88431 11502
5040 242.834 1400 154228 1269 70 132028 21467
5048 272.168 974 100784 862 39 85591 14906
5040 242.834 1348 155731 1192 57 130454 24317
5048 272.168 1079 113832 923 51 94129 18921
5040 242.834 1419 153324 1337 24 135724 16497
5048 272.168 1127 120208 1066 15 108220 11233
5040 242.834 1227 129787 1120 34 113409 15893
5048 272.168 905 95530 809 41 81944 13224
5040 242.834 1468 160550 1305 74 133862 25984
5048 272.168 1000 113101 880 40 93485 18846
5040 242.834 1161 114050 1038 19 106283 7342
5048 272.168 731 76938 654 4 70460 6003
5040 242.834 1246 128233 1155 40 109336 18420
5048 272.168 918 94140 812 35 81908 11551
5040 242.834 1337 133204 1204 56 112921 20216
5048 272.168 858 87902 731 39 73574 13903
5040 242.834 1401 148687 1266 53 127911 19996
5048 272.168 959 112904 858 45 94272 17990
5040 242.834 1356 142356 1195 45 122306 19213
5048 272.168 1065 102352 943 41 87484 14440
5040 242.834 1271 142401 1143 42 122321 19512
5048 272.168 844 96822 824 30 84945 11558
5040 242.834 1483 170358 1365 63 149667 19914
5048 272.168 1155 119272 1043 36 102485 15939
5040 242.834 1457 146628 1332 27 131264 15110
5048 272.168 922 106040 874 22 92623 12873
5040 242.834 1469 148769 1412 52 131371 16845
5048 272.168 1082 113927 972 50 98440 14924
5040 242.834 1770 180277 1660 51 157587 22344
5048 272.168 1309 133037 1168 40 116867 15382
5040 242.834 1564 153926 1409 85 130188 23474
5048 272.168 1070 106912 912 45 88892 17489
5040 242.834 1548 149596 1463 46 129877 19273
5048 272.168 985 103864 900 29 89498 14244
#station_id r_mc scin_lg_tot_sig wcd_lg_tot_sig scin_lg_em_sig scin_lg_mu_sig wcd_lg_em_sig wcd_lg_mu_sig
5040 242.834 1541 172898 1464 53 154005 18116
5048 272.168 1005 112142 892 44 95837 15395
5040 242.834 1401 152374 1329 25 134928 16682
5048 272.168 1097 104423 996 28 89417 14238
5040 242.834 1680 159807 1522 52 142652 16608
5048 272.168 1192 110231 1052 22 95975 13722
5040 242.834 1320 140993 1204 59 123313 17426
5048 272.168 903 100239 793 40 85270 14904
5040 242.834 1175 133752 1043 55 114318 19374
5048 272.168 786 95250 717 42 80444 14555
5040 242.834 1788 171170 1560 77 148208 22683
5048 272.168 1059 111787 945 39 93141 17920
5040 242.834 1470 150118 1296 54 132203 17351
5048 272.168 904 98290 800 32 84851 13277
5040 242.834 1742 168804 1521 72 146165 21655
5048 272.168 1156 128650 1034 49 109219 18814
5040 242.834 1374 153962 1227 46 134742 18522
5048 272.168 995 111859 909 43 95964 15269
5040 242.834 1251 144671 1210 57 124725 19802
5048 272.168 1029 108313 933 63 91592 16100
5040 242.834 1108 140512 1014 71 120922 19449
5048 272.168 1038 97989 972 26 85410 12200
5040 242.834 1141 129453 1093 49 111741 17114
5048 272.168 730 94094 667 40 80635 13230
5040 242.834 1506 147839 1374 55 131407 15991
5048 272.168 845 97673 782 23 85693 11469
5040 242.834 1140 138638 953 85 113356 25131
5048 272.168 889 97333 757 35 79513 17278
5040 242.834 1428 153459 1251 76 133477 19142
5048 272.168 925 107084 831 47 91400 15196
5040 242.834 873 90309 880 3 83718 6266
5048 272.168 663 64168 569 11 59142 4939
5040 242.834 1137 129561 1072 49 109109 19710
5048 272.168 951 102346 839 48 86372 15697
5040 242.834 1281 140564 1219 41 127041 13297
5048 272.168 987 96268 912 26 85595 10435
5040 242.834 1520 156615 1357 74 135917 19946
5048 272.168 986 108657 908 50 91051 16718
5040 242.834 1228 136750 1107 75 117440 19000
5048 272.168 951 102803 837 43 86621 15909
5040 242.834 1560 163765 1427 72 140113 23133
5048 272.168 1022 110426 882 36 93272 16696
5040 242.834 1236 121467 1110 36 106441 14570
5048 272.168 815 86331 745 30 74142 11771
5040 242.834 1463 147167 1303 68 123287 23536
5048 272.168 1045 110183 919 45 93788 15831
5040 242.834 1413 132834 1350 47 117121 15158
5048 272.168 1111 101870 936 37 88349 13293
5040 242.834 1241 139388 1134 41 123252 15590
5048 272.168 936 95602 890 42 84202 11410
5040 242.834 1451 160098 1341 53 137528 21951
5048 272.168 1112 112261 974 46 98359 13341
5040 242.834 1441 165352 1337 47 146852 18592
5048 272.168 1173 111854 1096 45 97514 13569
5040 242.834 1192 140282 1128 76 119963 19716
5048 272.168 848 95161 777 32 81034 13717
5040 242.834 1410 155953 1264 48 132666 22873
5048 272.168 1001 117545 891 39 100312 16609
5040 242.834 1204 123922 1066 46 105309 17960
5048 272.168 765 87246 654 31 74329 12542
5040 242.834 1735 170062 1666 35 154824 14958
5048 272.168 1162 119994 1114 26 107701 11957
5040 242.834 1197 131415 1088 45 114824 17085
5048 272.168 858 90413 742 33 77120 12977
5040 242.834 1450 158518 1318 51 137513 20878
5048 272.168 1146 114901 1027 28 99203 15450
5040 242.834 1388 141718 1344 55 123330 17898
5048 272.168 841 91700 744 25 78521 12573
5040 242.834 1262 134301 1175 53 117133 17287
5048 272.168 853 99305 725 41 80333 18657
5040 242.834 1299 145776 1133 74 122146 23415
5048 272.168 981 104547 816 72 84774 19435
5040 242.834 1245 145105 1126 56 123433 21017
5048 272.168 963 101442 811 80 84881 15952
5040 242.834 1461 156890 1405 46 138062 18539
5048 272.168 1113 105569 949 52 88070 16728
5040 242.834 1313 143008 1195 85 120538 21888
5048 272.168 955 107496 831 34 91589 15367
5040 242.834 1461 145476 1339 61 128023 17136
5048 272.168 1069 99292 979 15 86541 12324
5040 242.834 1519 152554 1327 58 130368 21135
5048 272.168 975 110242 868 33 91968 17931
5040 242.834 1310 149281 1207 57 124883 23645
5048 272.168 898 92793 809 42 74889 17688
5040 242.834 1428 159469 1281 82 136148 22794
5048 272.168 945 114815 838 45 95348 18963
5040 242.834 1567 160694 1409 74 140568 19959
5048 272.168 1057 114967 924 49 95556 19000
5040 242.834 1484 154827 1358 64 130679 23661
5048 272.168 1025 107692 864 53 91185 16080
5040 242.834 1253 119636 1084 70 98727 20295
5048 272.168 765 98288 701 43 81013 16573
5040 242.834 1378 146178 1271 38 128145 17665
5048 272.168 1081 107969 927 50 92856 14773
5048 272.168 789 89567 694 30 73050 16012
5040 242.834 1223 128876 1117 56 110444 17683
5040 242.834 1268 148031 1184 63 129523 17741
5048 272.168 843 93612 799 29 78887 14409
5040 242.834 1329 140770 1276 40 122603 17689
5048 272.168 1002 111724 908 26 96326 14859
5040 242.834 1524 157475 1443 40 138343 18275
5048 272.168 1167 110895 1011 26 97441 13431
5040 242.834 1645 158942 1477 57 140532 17936
5048 272.168 1066 118039 941 54 100527 16920
5040 242.834 1160 138041 1082 72 115296 22512
5048 272.168 883 104113 755 59 86649 16878
5040 242.834 1635 165778 1522 62 144785 20604
5048 272.168 1044 121211 932 38 106011 14818
5040 242.834 1514 171774 1428 70 149195 21691
5048 272.168 1030 113524 930 34 96756 16064
5048 272.168 874 105730 754 46 88980 16216
5040 242.834 1324 139687 1217 48 118182 20894
5040 242.834 1830 173941 1730 55 157004 16514
5048 272.168 1133 118585 1032 17 106677 11639
5040 242.834 1197 153597 1046 68 134206 19394
5048 272.168 1006 107562 879 31 92647 14310
5040 242.834 1197 132775 1117 26 117299 15194
5048 272.168 853 95684 822 34 80510 14965
5040 242.834 1448 145091 1369 37 131758 12680
5048 272.168 1064 104008 964 27 94173 9487
5040 242.834 1339 138106 1243 34 122311 15403
5048 272.168 880 89891 781 42 76374 13316
5040 242.834 1541 154398 1378 70 133474 20784
5048 272.168 1111 101951 997 27 88330 13463
5040 242.834 1620 165852 1509 53 147587 17958
5048 272.168 1186 114937 1039 34 100375 14065
5040 242.834 1359 142879 1246 29 125939 16466
5048 272.168 994 101301 898 47 86874 14211
5040 242.834 1295 128263 1205 59 109939 18258
5048 272.168 979 87425 842 37 74555 12269
5040 242.834 1220 136183 1142 53 117820 18022
5048 272.168 914 94800 810 24 81293 12987
5040 242.834 1433 143871 1294 58 126751 16700
5048 272.168 1155 109514 1020 38 93068 15857
5040 242.834 1007 119178 873 46 101936 16749
5048 272.168 745 87728 609 43 73521 13820
5040 242.834 1475 149158 1347 67 132227 16580
5048 272.168 1044 102260 927 25 89272 12635
5040 242.834 1677 180292 1542 61 157510 22235
5048 272.168 1271 134473 1114 52 113611 20498
5040 242.834 1120 117884 1036 46 98798 18689
5048 272.168 782 90254 685 35 75642 14431
5040 242.834 1078 137331 991 42 116772 20292
5048 272.168 927 87547 852 41 71427 16180
5040 242.834 1409 153987 1312 63 133768 19706
5048 272.168 922 105643 840 41 88821 16537
5040 242.834 1423 146481 1231 61 126835 19362
5048 272.168 944 98809 823 44 84014 14521
5040 242.834 1488 168109 1344 79 145296 22540
5048 272.168 1295 122728 1118 49 103405 18827
5040 242.834 1344 155475 1271 44 138161 16427
5048 272.168 1006 106600 865 31 92503 13548
5040 242.834 1252 121274 1123 53 107778 13020
5048 272.168 869 86765 818 5 77919 8592
5040 242.834 1453 146080 1267 55 123591 22257
5048 272.168 889 109395 797 54 95795 13307
5040 242.834 1164 125283 1079 61 107431 17954
5048 272.168 837 96278 703 32 80049 15554
5040 242.834 1409 146604 1243 78 124595 21656
5048 272.168 1027 116167 945 53 96841 18572
5040 242.834 1390 143949 1305 40 129723 13844
5048 272.168 1020 107257 913 25 95664 11242
5040 242.834 1270 133033 1136 67 112095 20665
5048 272.168 920 95969 842 48 80528 14989
5040 242.834 1165 132559 1089 52 112320 20168
5048 272.168 938 97752 836 39 81378 15780
5040 242.834 1110 124607 995 38 107928 16245
5048 272.168 936 97856 845 46 84663 13190
5040 242.834 1402 154300 1326 31 134325 19934
5048 272.168 1008 102427 904 24 86598 15247
5040 242.834 1250 149229 1166 61 129643 19026
5048 272.168 1035 103303 966 36 90950 12148
5040 242.834 1347 156192 1228 29 139773 15927
5048 272.168 1175 110377 1050 42 93884 16099
5040 242.834 1487 143907 1377 41 127904 15689
5048 272.168 916 102128 836 12 90357 11179
5040 242.834 1135 133119 1071 55 115743 17028
5048 272.168 746 90825 691 31 75219 15362
5040 242.834 1180 132669 1050 48 116433 15761
5048 272.168 949 96406 857 28 78425 17615
5040 242.834 1334 143301 1202 57 122627 20326
5048 272.168 887 95624 767 37 79990 15297
5040 242.834 1607 173686 1483 52 153630 18947
5048 272.168 1121 112873 1021 27 100166 12510
5040 242.834 1773 177519 1634 59 159912 17788
5048 272.168 1373 121799 1200 28 107597 13735
5040 242.834 1255 144075 1157 62 125672 18147
5048 272.168 865 98317 762 36 81071 16650
5040 242.834 1687 166668 1556 34 146985 19134
5048 272.168 1214 118643 1096 50 102176 16209
5040 242.834 1322 130922 1220 28 115282 14952
5048 272.168 858 91356 749 32 76072 14641
5048 272.168 1044 114887 983 22 96757 17936
5040 242.834 1376 156664 1227 63 140180 16078
5040 242.834 1363 150546 1218 55 128104 22056
5048 272.168 959 107414 842 48 91553 15535
5040 242.834 1322 145644 1226 50 125405 20031
5048 272.168 805 97458 715 42 80894 15878
5040 242.834 1093 126594 995 49 109037 17241
5048 272.168 839 91271 774 21 78562 12419
5040 242.834 1024 127269 906 46 110934 15849
5048 272.168 820 93054 773 24 78078 13912
5040 242.834 1384 154315 1249 36 137778 16317
5048 272.168 1071 111775 1003 42 95163 16196
5040 242.834 1642 173658 1497 56 152851 20681
5048 272.168 1058 121398 955 31 102977 17923
5040 242.834 1239 137752 1111 59 117238 20164
5048 272.168 811 101705 697 36 82667 18528
5040 242.834 1598 172224 1496 67 147457 23824
5048 272.168 1056 122178 958 44 103146 18188
5040 242.834 1264 143173 1149 34 124664 18351
5048 272.168 1005 99898 907 46 85394 14173
5040 242.834 1646 148275 1494 47 125598 21694
5048 272.168 1063 114106 949 69 96030 17914
5040 242.834 1403 164374 1332 44 146004 17872
5048 272.168 1217 110354 1104 27 94317 15600
5040 242.834 1105 129072 1023 36 110991 17707
5048 272.168 1017 100215 897 53 84198 16336
5040 242.834 1232 133066 1066 37 116771 16007
5048 272.168 850 97663 791 48 81169 16317
5040 242.834 1207 140597 1161 54 121314 19070
5048 272.168 892 94265 803 36 79832 14026
5040 242.834 1568 166961 1473 73 142299 23971
5048 272.168 1065 125879 950 66 103773 21578
