#station_id r_mc scin_lg_tot_sig wcd_lg_tot_sig scin_lg_em_sig scin_lg_mu_sig wcd_lg_em_sig wcd_lg_mu_sig
5040 242.834 1360 141136 1210 56 123288 17365
5048 272.168 817 100459 731 27 84437 15927
5040 242.834 1433 162141 1312 53 136742 24646
5048 272.168 996 111216 846 62 91032 19585
5040 242.834 1563 145287 1367 64 122608 21939
5048 272.168 995 112640 892 24 99352 12826
5040 242.834 1459 147575 1314 67 127809 19418
5048 272.168 954 106859 818 37 90544 15624
5040 242.834 1733 178932 1578 58 155133 23620
5048 272.168 1082 119055 1007 16 102423 16284
5040 242.834 1565 158469 1406 46 139076 18970
5048 272.168 1153 115509 1108 27 100936 14056
5040 242.834 1245 142148 1114 48 118662 22843
5048 272.168 960 110521 852 48 87927 21916
5040 242.834 1636 179163 1445 94 150966 28052
5048 272.168 1326 134534 1134 70 111547 22202
5040 242.834 1234 130093 1099 70 108843 21026
5048 272.168 847 95943 760 27 80337 14972
5040 242.834 1562 155830 1428 70 132783 22265
5048 272.168 983 110049 866 64 94389 15283
5040 242.834 1342 168008 1232 88 143800 24060
5048 272.168 1156 115067 1025 41 97145 17502
5040 242.834 1348 155710 1206 81 131480 23884
5048 272.168 1063 109571 925 38 88760 20081
5040 242.834 1484 157696 1323 65 138384 18992
5048 272.168 892 105479 773 57 87261 17972
5040 242.834 1336 168465 1244 46 143234 24505
5048 272.168 1159 116505 1032 73 98952 17032
5040 242.834 1930 201524 1733 88 175830 25018
5048 272.168 1278 124779 1043 77 101888 22665
5040 242.834 1658 169859 1500 64 147311 21744
5048 272.168 1295 129300 1130 64 109188 19407
5040 242.834 2026 189939 1796 103 159280 30266
5048 272.168 1082 127499 986 67 107495 19780
5040 242.834 1112 125147 1020 46 106320 18623
5048 272.168 882 93318 733 40 78107 14855
5040 242.834 1560 165129 1433 53 145593 18992
5048 272.168 1135 117471 1038 30 103370 13761
5040 242.834 1635 171277 1483 38 150965 19815
5048 272.168 1067 108585 1028 21 92724 15036
5040 242.834 1810 181667 1620 63 153892 26798
5048 272.168 1195 134374 1063 64 112541 21100
5040 242.834 1622 164532 1497 46 145927 18605
5048 272.168 1160 118719 1003 32 102524 15630
5040 242.834 1675 163846 1539 37 147078 16100
5048 272.168 1183 113806 1034 54 98072 15441
5040 242.834 1314 142289 1207 78 117924 23991
5048 272.168 897 94262 720 52 74659 18905
5040 242.834 1717 178648 1521 87 153137 25524
5048 272.168 1191 125318 1024 69 103908 21029
5040 242.834 1435 143520 1291 43 125139 18051
5048 272.168 941 105020 826 54 89230 15416
5040 242.834 1398 140979 1249 54 120734 19222
5048 272.168 982 94023 848 43 79477 13819
5040 242.834 1481 162526 1380 42 143274 18701
5048 272.168 1102 112817 929 45 93904 18328
5040 242.834 1384 149915 1296 60 129714 19427
5048 272.168 1072 113770 956 58 97938 15420
5040 242.834 1559 176178 1413 86 146672 29356
5048 272.168 1148 122910 1017 59 102852 19388
5040 242.834 1508 161720 1384 61 143471 17593
5048 272.168 1203 113388 1082 40 98175 14454
5040 242.834 1541 172867 1355 85 147637 24442
5048 272.168 1172 133251 994 51 111086 22207
5040 242.834 1680 168428 1581 32 149827 17707
5048 272.168 1089 113940 983 39 100809 12483
5040 242.834 1282 155446 1200 70 135361 19273
5048 272.168 991 102844 880 37 84547 17428
5040 242.834 1208 139049 1124 49 118922 19967
5048 272.168 999 99246 864 49 81406 17030
5040 242.834 1327 140952 1167 65 119530 20840
5048 272.168 866 101128 735 47 80112 20953
5040 242.834 1319 151231 1197 87 126153 24875
5048 272.168 944 107517 810 41 88441 18691
5040 242.834 1398 156773 1195 88 128866 27421
5048 272.168 1121 102356 938 58 80225 21892
5040 242.834 1132 134518 1054 47 115178 18725
5048 272.168 887 101368 749 49 85119 15500
5040 242.834 1393 152916 1236 72 131369 21000
5048 272.168 1144 118444 972 26 99133 18313
5040 242.834 1607 189176 1451 64 165076 23882
5048 272.168 1291 134874 1101 46 112613 21712
5040 242.834 1405 135562 1242 34 119209 15732
5048 272.168 798 88871 694 24 77272 11127
5040 242.834 1268 134236 1199 29 119271 14510
5048 272.168 1028 107437 925 32 92257 14278
5040 242.834 1620 172665 1427 73 148950 23183
5048 272.168 1174 122991 1011 73 100779 21358
5040 242.834 1448 162319 1269 76 138601 23377
5048 272.168 1056 108737 921 21 89527 18957
5040 242.834 1487 150843 1378 36 137866 13194
5048 272.168 1086 113406 1017 26 105007 8375
5040 242.834 1553 171312 1398 72 147373 23183
5048 272.168 1129 121753 1016 47 99941 20991
5040 242.834 1549 171961 1354 85 146375 25557
5048 272.168 1092 119605 898 71 96259 22994
5040 242.834 1663 159956 1611 44 141966 17415
5048 272.168 1140 112831 984 37 99505 12615
5040 242.834 1703 167710 1566 60 149269 17810
5048 272.168 1128 117018 1038 47 100103 16324
5040 242.834 1594 178133 1439 79 155837 22351
5048 272.168 1112 109955 1005 40 92324 17093
5040 242.834 1307 154080 1244 50 136499 17207
5048 272.168 1000 103796 839 30 90206 12680
5040 242.834 1145 138653 1113 46 118939 19314
5048 272.168 921 106672 819 22 88752 17389
5040 242.834 1395 143099 1293 8 133006 9325
5048 272.168 1028 104391 977 27 95236 8472
5040 242.834 1558 156763 1411 61 132913 23121
5048 272.168 893 108282 770 43 88262 19719
5040 242.834 1115 117434 984 58 96462 20687
5048 272.168 826 92751 691 48 72108 20344
5040 242.834 1345 117744 1258 9 109094 8204
5048 272.168 880 90946 840 8 81432 8903
5040 242.834 1397 155511 1249 59 135586 19920
5048 272.168 927 108554 824 44 90736 17551
5040 242.834 1399 150647 1254 57 132403 17602
5048 272.168 974 107725 834 62 87701 19758
5040 242.834 1322 140938 1234 30 120362 19932
5048 272.168 1005 95492 864 38 78851 16119
5040 242.834 1414 153215 1273 43 133584 19088
5048 272.168 1091 119876 950 44 102313 16988
5040 242.834 1363 154103 1219 107 129118 24632
5048 272.168 1021 116154 881 51 93208 22445
5040 242.834 1505 149811 1408 54 132611 16596
5048 272.168 1023 100804 922 23 88162 12332
5040 242.834 1335 144350 1252 53 126408 17621
5048 272.168 917 103178 825 29 87205 15557
5048 272.168 1034 115266 892 37 101590 13216
5040 242.834 1579 160911 1402 36 143199 17068
5040 242.834 1664 163974 1511 91 140960 22476
5048 272.168 1060 124867 1001 30 107271 16767
5040 242.834 1254 152353 1127 63 132545 19488
5048 272.168 1079 124961 1003 54 101988 22722
5040 242.834 1589 181113 1443 71 155032 25438
5048 272.168 1237 126363 1085 50 103944 22153
5040 242.834 1281 153002 1198 41 136245 16653
5048 272.168 898 102986 850 41 87866 14618
5040 242.834 1507 160056 1306 72 133329 26028
5048 272.168 1166 111958 985 75 92287 19381
5040 242.834 1355 141666 1242 49 125444 16017
5048 272.168 970 101861 880 21 89680 11531
5040 242.834 1755 161681 1631 32 140349 20789
5048 272.168 1196 129322 1063 46 110970 17951
5040 242.834 1548 147522 1408 52 131092 15970
5048 272.168 992 98995 922 19 86130 12334
5040 242.834 1602 152978 1466 57 132563 20062
5048 272.168 946 107206 899 24 91893 14737
5040 242.834 1485 153677 1311 68 134021 19036
5048 272.168 1011 113024 900 55 95683 17244
5040 242.834 1704 195063 1540 60 175843 18376
5048 272.168 1118 119292 1042 22 107128 11828
5040 242.834 1650 165846 1464 86 142012 23311
5048 272.168 1018 111093 945 48 95877 14752
5040 242.834 1750 175333 1662 51 160724 14085
5048 272.168 1189 120467 1053 21 106759 13346
5040 242.834 1189 149515 1077 76 124600 24673
5048 272.168 940 111247 813 56 91176 20125
5040 242.834 1603 164844 1478 62 146462 17676
5048 272.168 1194 115752 1039 44 98458 16628
5040 242.834 1546 173379 1440 78 147760 24658
5048 272.168 1202 124586 1071 68 103483 20599
5040 242.834 1291 152796 1126 65 129010 23310
5048 272.168 1015 108131 906 25 91064 16398
5040 242.834 1592 158387 1438 91 138193 20179
5048 272.168 866 112900 811 38 95487 17102
5040 242.834 1808 187781 1686 60 167130 20007
5048 272.168 1184 130588 1098 62 112234 17764
5040 242.834 1388 152774 1228 59 128818 23911
5048 272.168 1058 111783 904 61 90507 20904
5040 242.834 1490 160916 1378 29 143176 17230
5048 272.168 958 114138 865 32 96180 17428
5040 242.834 1702 156868 1550 22 140850 15509
5048 272.168 1118 102125 990 29 88356 13363
5040 242.834 1623 180221 1466 77 154487 25182
5048 272.168 1229 131574 1081 52 108934 22150
5040 242.834 1634 178849 1422 79 154230 23920
5048 272.168 1133 124895 959 70 105252 18906
5040 242.834 1210 137696 1101 72 116817 20245
5048 272.168 964 105065 844 67 88880 15860
5040 242.834 1605 148503 1482 37 131534 16112
5048 272.168 1022 112959 952 33 99560 13045
5040 242.834 1566 176186 1418 74 149940 25563
5048 272.168 915 109641 788 55 90868 18205
5040 242.834 1547 162537 1480 40 141712 20176
5048 272.168 1193 118198 1067 45 100291 17679
5040 242.834 1464 157633 1379 65 136099 21236
5048 272.168 1077 117578 918 55 98334 19418
5040 242.834 1327 152329 1224 42 128971 23015
5048 272.168 1004 109773 878 53 89455 19855
5040 242.834 1385 130679 1222 90 107654 22788
5048 272.168 859 99753 706 59 80125 19199
5048 272.168 1050 113600 910 45 98350 15125
5040 242.834 1510 155204 1381 71 131668 22934
5040 242.834 1372 151883 1211 84 129595 22231
5048 272.168 994 106822 927 59 87970 18363
5040 242.834 1312 134624 1082 63 113784 20531
5048 272.168 963 105088 833 59 87725 16660
5040 242.834 1626 172076 1382 78 147984 23840
5048 272.168 1166 117195 1049 49 96294 20449
5040 242.834 1594 160160 1529 36 142447 17508
5048 272.168 974 114411 879 52 99731 14500
5040 242.834 1461 171541 1351 72 148215 22467
5048 272.168 1249 130529 1093 61 110180 20128
5040 242.834 1487 162312 1334 71 138502 22970
5048 272.168 1149 121532 942 77 99558 21162
5040 242.834 1644 163183 1538 67 142504 20391
5048 272.168 1102 113548 957 67 94236 18596
#station_id r_mc scin_lg_tot_sig wcd_lg_tot_sig scin_lg_em_sig scin_lg_mu_sig wcd_lg_em_sig wcd_lg_mu_sig
5040 242.834 1506 166835 1334 34 143827 22698
5048 272.168 1108 118020 1005 40 99330 17841
5040 242.834 1142 144039 1088 54 121145 22666
5048 272.168 869 96930 701 56 80886 15385
5040 242.834 1556 166005 1417 62 143518 22070
5048 272.168 1129 125293 1040 39 105652 18829
5040 242.834 1460 162889 1340 58 142933 19492
5048 272.168 1091 117497 966 47 97677 19853
5040 242.834 1280 139411 1186 65 117627 21145
5048 272.168 968 103999 806 42 88376 15465
5040 242.834 1642 164956 1444 62 142704 21437
5048 272.168 1080 118572 981 41 100485 17255
5040 242.834 1111 139906 1034 59 119694 19896
5048 272.168 1017 98583 892 41 81799 16418
5040 242.834 1519 163400 1437 40 144695 17931
5048 272.168 1056 115616 916 40 96923 18148
5040 242.834 1470 156848 1365 42 135772 20452
5048 272.168 884 108078 791 43 90996 16661
5040 242.834 1344 147731 1237 44 126333 20971
5048 272.168 946 106889 804 57 89694 16692
5040 242.834 1216 125097 1030 65 103310 21579
5048 272.168 801 93434 668 51 76724 16169
5040 242.834 1579 166445 1426 52 145648 20196
5048 272.168 1140 128325 1026 46 109153 18680
5040 242.834 1290 148115 1249 28 129771 17727
5048 272.168 1081 114084 940 34 97230 16541
5040 242.834 1246 145760 996 99 116832 28278
5048 272.168 914 107606 810 40 88100 19099
5040 242.834 1206 143204 1076 87 118600 24324
5048 272.168 888 111130 745 76 89810 20764
5040 242.834 1515 155081 1320 55 129811 24478
5048 272.168 1034 112112 854 63 89842 21550
5040 242.834 1700 172215 1515 69 147112 24632
5048 272.168 1281 128005 1113 53 109627 17783
5040 242.834 1542 164424 1470 48 145380 18736
5048 272.168 1240 121930 1136 32 106691 14515
5040 242.834 1384 142240 1195 84 120232 21429
5048 272.168 905 108598 807 40 92507 15528
5040 242.834 1695 163370 1591 44 142646 20285
5048 272.168 1259 126062 1063 53 107388 18464
5040 242.834 1377 150867 1280 65 128286 21802
5048 272.168 953 107373 835 45 91387 15544
5040 242.834 1670 169644 1530 91 143378 25200
5048 272.168 992 118062 841 46 97460 20260
5040 242.834 1301 146194 1184 42 125965 20053
5048 272.168 941 105014 811 54 83178 21580
5040 242.834 1537 157085 1417 52 135077 21610
5048 272.168 1025 112606 925 31 93785 17911
5040 242.834 1350 143790 1280 34 124273 19640
5048 272.168 945 105534 833 56 89631 15830
5040 242.834 1450 157211 1280 82 133498 23589
5048 272.168 1021 108853 841 66 87335 21153
5048 272.168 1127 119089 1023 42 101086 16982
5040 242.834 1757 174580 1608 78 155429 18671
5040 242.834 1827 190270 1665 74 166698 23072
5048 272.168 1261 139056 1152 66 117187 21111
5040 242.834 1353 151760 1242 76 129049 22221
5048 272.168 1071 113960 945 59 94826 18421
5040 242.834 1529 163408 1369 63 143787 19159
5048 272.168 1108 119266 1005 41 100756 18304
5040 242.834 1149 142277 1042 55 125443 16577
5048 272.168 897 105230 751 21 89077 15434
5040 242.834 1270 142267 1130 60 122007 20188
5048 272.168 941 111453 866 36 92905 18218
5040 242.834 1669 178586 1555 66 153934 24043
5048 272.168 1238 122104 1057 45 103261 18412
5040 242.834 1319 146069 1211 42 127600 17838
5048 272.168 982 107651 810 66 88539 18558
5040 242.834 1453 158288 1334 38 141842 15820
5048 272.168 1269 121341 1091 56 105001 15689
5040 242.834 1370 150772 1249 67 128304 22292
5048 272.168 967 107216 817 43 89412 16784
5040 242.834 1309 151729 1183 87 129474 21964
5048 272.168 923 106838 830 58 89158 17353
5040 242.834 1482 144823 1344 33 130492 13813
5048 272.168 1020 105144 952 11 95121 9663
5040 242.834 1424 140105 1325 65 117166 22135
5048 272.168 961 100256 862 39 84122 15553
5040 242.834 1312 145213 1166 75 125667 19013
5048 272.168 907 95902 786 42 80877 14514
5040 242.834 1435 142788 1257 68 122039 20298
5048 272.168 926 107807 803 32 88921 18316
5040 242.834 1453 165544 1287 68 140356 25028
5048 272.168 1065 113315 888 51 94372 18389
5040 242.834 1290 137808 1143 41 122370 15183
5048 272.168 909 95977 787 23 84193 11957
5040 242.834 1392 141584 1235 87 118300 22706
5048 272.168 920 107451 818 53 90428 16314
5040 242.834 1545 157656 1428 48 137644 19660
5048 272.168 1189 117703 1027 47 100871 16635
5040 242.834 1353 153938 1272 39 133456 19881
5048 272.168 956 104327 885 17 85531 18190
5040 242.834 1465 158749 1290 86 130846 27398
5048 272.168 1014 116385 908 30 98049 17807
5040 242.834 1643 178584 1529 43 159771 18300
5048 272.168 1105 115293 975 46 98928 15931
5040 242.834 1589 172562 1389 81 146685 24771
5048 272.168 1025 115823 934 49 95148 20128
5040 242.834 1450 155396 1275 87 128232 26153
5048 272.168 914 107939 804 34 88978 18328
5040 242.834 1320 142857 1184 57 116941 25121
5048 272.168 1077 107444 915 58 86715 19844
5040 242.834 1735 180406 1563 60 158382 21888
5048 272.168 1255 135891 1113 58 116761 18562
5040 242.834 1629 172708 1491 68 149045 23383
5048 272.168 1349 130195 1171 54 109184 20201
5040 242.834 1483 153152 1351 42 132382 20330
5048 272.168 1016 111609 961 37 95997 15295
5040 242.834 1613 159857 1466 76 135399 24078
5048 272.168 1033 110894 919 33 96276 14351
5040 242.834 1422 142967 1310 64 118777 23462
5048 272.168 1032 107691 910 42 90209 17150
5040 242.834 1725 172171 1480 90 150444 21212
5048 272.168 1134 118282 1019 50 101010 16676
5040 242.834 1607 180637 1399 84 154284 25835
5048 272.168 1119 123028 1029 59 105459 17005
5048 272.168 924 115427 840 81 93992 20808
5040 242.834 1516 155093 1375 56 132569 22186
5040 242.834 1473 152521 1357 67 134470 18264
5048 272.168 1034 112787 899 52 97803 15032
5040 242.834 1324 146642 1224 24 132823 13295
5048 272.168 1027 102619 922 32 89581 12786
5040 242.834 1139 135693 1053 46 115560 19570
5048 272.168 953 100270 822 41 83117 16902
5040 242.834 1440 142414 1314 34 125674 16045
5048 272.168 929 102623 861 20 90441 11654
5040 242.834 1413 151547 1274 39 137832 13437
5048 272.168 1019 107586 942 23 95191 11814
5040 242.834 1425 147243 1342 66 126469 20532
5048 272.168 987 107171 852 18 95641 11053
5040 242.834 1435 155939 1282 57 136386 19753
5048 272.168 1058 103873 893 54 86380 16780
5040 242.834 1523 161831 1313 110 133075 28221
5048 272.168 1104 116196 922 93 93015 23017
5040 242.834 1581 157044 1468 37 144100 12351
5048 272.168 1041 107502 942 31 95175 11923
5040 242.834 1604 169550 1487 51 151239 17930
5048 272.168 1159 111664 1011 48 97030 14068
5040 242.834 1368 150288 1274 38 130606 19219
5048 272.168 1015 105727 915 41 87778 17342
5040 242.834 1287 150516 1165 59 127296 22654
5048 272.168 992 117443 891 36 97195 19741
5048 272.168 1155 115598 1044 27 99204 15571
5040 242.834 1431 154012 1319 83 129608 23930
5040 242.834 1506 151821 1315 52 132518 18727
5048 272.168 1066 115587 961 39 100538 14399
5040 242.834 1126 130985 988 65 109543 20825
5048 272.168 775 91463 653 49 72114 18773
5040 242.834 1161 145989 1012 89 120735 24883
5048 272.168 932 106221 842 42 89484 16400
5040 242.834 1540 153866 1442 33 138462 15025
5048 272.168 1011 108087 911 43 94888 13007
5040 242.834 1223 137394 1094 89 115868 21681
5048 272.168 828 98665 718 43 83762 14087
5040 242.834 1771 171901 1649 77 148073 23001
5048 272.168 1107 122866 983 46 105431 17221
5040 242.834 1437 137704 1361 24 122008 15134
5048 272.168 987 106538 927 12 92861 12891
5040 242.834 1451 156335 1369 35 139033 17069
5048 272.168 1089 111756 976 45 98142 13054
5040 242.834 1287 132204 1104 70 107054 25246
5048 272.168 946 100936 806 42 83282 17366
5048 272.168 1165 128531 972 73 106234 21940
5040 242.834 1665 192472 1501 54 164881 27012
5040 242.834 1431 155033 1286 78 131282 22917
5048 272.168 988 117052 896 53 98558 18328
5040 242.834 1693 169112 1590 49 148995 19520
5048 272.168 1247 137785 1117 67 118133 18884
5040 242.834 1566 161126 1370 62 139610 20974
5048 272.168 1053 114245 915 41 96321 17510
5040 242.834 1165 134944 1081 55 114970 19706
5048 272.168 908 102995 815 43 86291 16343
5040 242.834 1367 150299 1254 46 130087 20053
5048 272.168 1054 112021 956 34 95968 16054
5040 242.834 1677 181594 1558 79 155638 24892
5048 272.168 1088 120786 1011 43 100098 20041
5040 242.834 1698 170497 1539 81 146279 23614
5048 272.168 1061 117207 953 60 96460 20349
5040 242.834 1556 162847 1435 53 142032 20131
5048 272.168 1020 104785 942 38 88277 15989
5040 242.834 1343 149691 1263 56 130272 19200
5048 272.168 943 100945 843 46 84914 15253
5040 242.834 1703 177333 1490 74 152088 24609
5048 272.168 1156 117082 1042 46 97955 19252
5048 272.168 1103 121076 1014 38 101209 19035
5040 242.834 1474 177571 1339 55 150946 25738
5040 242.834 1346 140950 1269 44 121616 18794
5048 272.168 1044 98077 908 46 81702 15918
5040 242.834 1508 152988 1314 78 128258 23870
5048 272.168 1116 121156 979 55 101360 18986
5040 242.834 1487 168943 1387 75 142623 25667
5048 272.168 1101 113807 975 63 91689 21685
5040 242.834 1421 147266 1323 46 132448 14149
5048 272.168 1031 110726 935 39 95982 14206
5040 242.834 1845 161409 1652 78 141062 19772
5048 272.168 1147 105180 1018 26 91314 13266
5040 242.834 1429 148879 1323 41 130437 18166
5048 272.168 1159 104380 1054 31 91553 12293
5040 242.834 1334 144279 1099 71 123229 20699
5048 272.168 1032 111643 872 67 91353 19463
5040 242.834 1341 148143 1198 42 128994 18659
5048 272.168 935 103951 842 27 88832 14889
5040 242.834 1537 141906 1474 25 133445 8379
5048 272.168 1079 108574 923 38 97174 10896
5040 242.834 1435 158462 1273 59 136483 21964
5048 272.168 946 106027 862 38 93615 12105
5040 242.834 1319 154911 1202 54 135967 18438
5048 272.168 919 106881 834 56 88780 17850
5040 242.834 1263 150579 1126 72 125469 24880
5048 272.168 843 99368 728 62 80558 18686
5040 242.834 1526 162977 1312 80 137146 25229
5048 272.168 1090 117343 989 66 92842 24005
5040 242.834 1685 164758 1608 35 152136 11964
5048 272.168 1122 114176 1017 18 102628 10878
5040 242.834 1483 161182 1399 55 141116 19947
5048 272.168 1148 116850 1065 39 100513 16187
5040 242.834 1676 180000 1558 63 159317 20790
5048 272.168 1154 131440 1088 42 113407 17066
5040 242.834 1315 146213 1273 54 123839 22374
5048 272.168 1072 109049 889 42 91290 17423
5040 242.834 1326 138481 1200 79 116452 21484
5048 272.168 923 99058 806 35 83910 14499
5040 242.834 1241 146877 1072 72 127464 19111
5048 272.168 876 99511 799 38 83283 15989
#station_id r_mc scin_lg_tot_sig wcd_lg_tot_sig scin_lg_em_sig scin_lg_mu_sig wcd_lg_em_sig wcd_lg_mu_sig
5040 242.834 1465 170954 1350 55 152058 18478
5048 272.168 1263 125385 1154 47 107918 16728
5040 242.834 1821 181405 1647 79 154105 27242
5048 272.168 1384 131817 1234 68 110534 20595
5040 242.834 1284 141713 1135 59 122057 19515
5048 272.168 856 99650 768 36 85200 13582
5040 242.834 1473 161345 1300 37 140683 19813
5048 272.168 1133 124624 986 33 104439 19448
5040 242.834 1381 151012 1316 26 137146 13319
5048 272.168 1093 98113 978 18 87368 10158
5040 242.834 1220 125713 1059 48 105486 19286
5048 272.168 1109 99265 912 64 79406 19213
5040 242.834 1514 132266 1399 20 116876 14841
5048 272.168 860 98592 764 25 85410 12803
5040 242.834 1706 184279 1525 80 156317 27838
5048 272.168 1191 131429 1027 58 108807 21984
5040 242.834 1352 152560 1262 41 137527 15028
5048 272.168 1057 106380 950 44 93466 12289
5040 242.834 1559 160853 1442 37 149330 11181
5048 272.168 949 105496 904 17 94021 11097
5040 242.834 1257 162187 1126 62 136836 24524
5048 272.168 960 114122 835 45 94875 18845
5040 242.834 1536 177578 1391 68 155130 21977
5048 272.168 1108 116996 981 55 101190 15758
5040 242.834 1673 175349 1560 34 154943 19809
5048 272.168 1270 123519 1066 48 107655 15431
5040 242.834 1402 159978 1312 58 137589 21583
5048 272.168 980 113810 901 42 93785 19596
5040 242.834 1337 151422 1231 71 129798 20807
5048 272.168 998 105795 825 45 85658 19547
5040 242.834 1583 178163 1443 49 155165 22471
5048 272.168 1162 129445 1008 69 108837 19900
5040 242.834 1607 150894 1461 50 132386 17957
5048 272.168 1024 109932 850 36 93671 15746
5048 272.168 1072 111437 945 43 96636 14861
5040 242.834 1415 154309 1258 41 134581 19658
5040 242.834 1266 139063 1149 52 118499 20141
5048 272.168 865 101863 762 48 86958 14537
5040 242.834 1338 137853 1208 33 122485 14878
5048 272.168 987 100150 846 36 84725 15027
5040 242.834 1664 157861 1492 75 133812 23380
5048 272.168 980 114286 862 35 96107 17971
5040 242.834 1351 148334 1229 55 126572 21436
5048 272.168 1086 105751 917 44 86763 18669
5040 242.834 1524 172710 1433 51 146264 25672
5048 272.168 1016 120318 905 66 100476 19542
5040 242.834 1738 150106 1668 0 144647 5120
5048 272.168 1107 106659 1112 0 102092 4373
5040 242.834 1496 165531 1358 44 144255 20486
5048 272.168 1020 120157 932 20 105031 14547
5040 242.834 1550 150332 1383 65 129143 20139
5048 272.168 1202 124117 1018 67 104684 19208
5040 242.834 1480 154218 1382 40 137488 16344
5048 272.168 1105 117203 1017 29 102882 14045
5040 242.834 1126 134397 1004 48 112710 20892
5048 272.168 933 106993 867 32 88617 18089
5040 242.834 1441 148823 1246 68 127600 21118
5048 272.168 886 100651 768 49 85960 14047
5040 242.834 1495 149262 1330 72 127226 21854
5048 272.168 1047 114184 979 45 97928 15931
5040 242.834 1261 149891 1192 67 129596 19666
5048 272.168 994 111534 880 39 94306 16839
5040 242.834 1229 134156 1109 79 114958 18962
5048 272.168 1076 101860 970 47 86786 14807
5040 242.834 1429 151141 1245 70 130028 20535
5048 272.168 1099 110918 973 65 97098 13456
5040 242.834 1635 167645 1436 72 141090 26071
5048 272.168 1019 104414 849 37 89221 14950
5040 242.834 1660 172040 1547 63 150385 21556
5048 272.168 1340 129045 1139 58 109031 19077
5040 242.834 1588 143437 1453 23 130184 12512
5048 272.168 962 107685 900 21 97964 9081
5040 242.834 1652 150025 1588 16 139167 10110
5048 272.168 1039 102848 968 27 93512 8791
5040 242.834 1300 150506 1205 63 124659 24741
5048 272.168 953 115207 826 57 95751 18995
5040 242.834 1493 151449 1398 39 136055 14645
5048 272.168 1013 108942 909 43 94609 13653
5040 242.834 1618 169418 1493 48 151704 17364
5048 272.168 1262 122233 1143 21 104793 16793
5040 242.834 1268 151583 1233 54 130795 20569
5048 272.168 1192 126067 1031 54 105112 20686
5040 242.834 1483 158561 1327 79 133225 24539
5048 272.168 1111 115087 913 50 96521 18001
5040 242.834 1249 134701 1203 18 122087 12527
5048 272.168 1095 94061 1026 3 84276 9174
5040 242.834 1521 169526 1451 69 143287 26307
5048 272.168 1126 122855 1001 66 101676 20840
5040 242.834 1549 161755 1424 46 144490 17125
5048 272.168 1106 109760 1023 22 97189 12180
5040 242.834 1140 139342 1043 62 116977 21520
5048 272.168 881 100010 775 48 82149 17266
5040 242.834 1359 144963 1129 68 118906 25338
5048 272.168 1060 104892 882 54 86041 17851
5040 242.834 1445 161482 1384 75 139738 21528
5048 272.168 1109 118872 982 45 100938 17386
5040 242.834 1412 151090 1244 67 128864 22173
5048 272.168 788 103584 733 51 82930 20180
5040 242.834 1602 167567 1438 67 146738 20304
5048 272.168 1171 123374 1087 19 108771 14217
5040 242.834 1550 164623 1361 90 140313 23278
5048 272.168 1059 110503 917 45 92562 17326
5040 242.834 1406 154753 1235 65 132969 21307
5048 272.168 983 106782 888 37 90646 15391
5048 272.168 989 108129 847 62 90416 17745
5040 242.834 1350 147695 1296 44 124429 23039
5040 242.834 1396 151929 1287 32 135386 16308
5048 272.168 908 103577 855 23 90351 12400
5040 242.834 1474 157833 1312 76 133829 23367
5048 272.168 1079 117809 994 38 99755 17596
5040 242.834 1479 162101 1400 58 142514 19180
5048 272.168 1168 114267 1013 40 97102 16550
5040 242.834 1732 170995 1602 45 154545 15999
5048 272.168 1249 116100 1125 31 102549 13083
5040 242.834 1408 160490 1283 59 137512 22233
5048 272.168 979 105350 815 41 84269 20957
5040 242.834 1434 170867 1298 51 149966 20982
5048 272.168 1303 121195 1112 51 100865 19739
5040 242.834 1439 165437 1310 72 143012 22131
5048 272.168 1039 117391 906 44 96502 20375
5040 242.834 1261 151307 1165 51 128397 22877
5048 272.168 805 92627 714 34 76546 15746
5040 242.834 1566 166912 1495 51 147682 18922
5048 272.168 1045 121711 938 43 104760 16413
5040 242.834 1809 186585 1658 55 163013 23016
5048 272.168 1218 127973 1104 67 110634 16718
5040 242.834 1697 182048 1526 58 157832 24186
5048 272.168 1046 123129 933 46 103007 19253
5040 242.834 1462 159700 1391 62 139704 19165
5048 272.168 1057 109731 997 27 95818 13653
5040 242.834 1525 142941 1384 27 129539 12968
5048 272.168 933 102307 843 26 92376 9614
5040 242.834 1477 151332 1394 49 138825 12356
5048 272.168 1102 106592 912 19 95426 10368
5040 242.834 1228 139108 1187 41 118357 19985
5048 272.168 954 102514 804 63 84101 17717
5040 242.834 1595 166361 1421 72 145390 20561
5048 272.168 1105 115686 981 51 99302 16233
5040 242.834 1192 134517 1119 40 113946 19907
5048 272.168 927 98115 804 40 84184 12914
5040 242.834 1566 163726 1421 78 137928 25537
5048 272.168 1115 109993 992 33 92639 16410
5040 242.834 1643 164636 1475 70 143806 19742
5048 272.168 1260 117693 1186 30 104282 13260
5040 242.834 1423 145219 1266 69 125857 18753
5048 272.168 916 108433 783 69 88968 19059
5040 242.834 1434 156105 1324 54 138529 17494
5048 272.168 992 111042 875 49 94792 15866
5040 242.834 1676 186808 1478 70 156897 29123
5048 272.168 1116 125243 965 72 104597 20209
5040 242.834 1922 184267 1740 98 155379 28460
5048 272.168 1100 123407 973 67 103728 19062
5040 242.834 1271 149799 1138 41 128846 20266
5048 272.168 863 97243 732 50 79244 17842
5040 242.834 1537 160652 1412 75 138985 21589
5048 272.168 1071 106236 955 23 90972 14405
5040 242.834 1445 155058 1352 65 133553 20844
5048 272.168 1104 110663 1007 51 91665 18276
5040 242.834 1368 138334 1235 45 122179 16056
5048 272.168 1043 111218 958 30 97127 13527
5040 242.834 1582 150528 1444 41 132700 17904
5048 272.168 1017 115512 903 32 102086 13345
5040 242.834 1514 161965 1413 57 142028 19377
5048 272.168 993 111276 853 44 94747 16217
5040 242.834 1177 131505 1076 75 107780 23321
5048 272.168 763 92810 698 45 75100 17375
5040 242.834 1323 138306 1239 43 120859 16735
5048 272.168 970 106463 869 39 90813 15104
5040 242.834 1580 178674 1426 86 153294 25105
5048 272.168 1241 137921 1087 37 117827 19603
5040 242.834 1270 149694 1192 48 128397 20927
5048 272.168 971 118603 841 70 95769 22470
5040 242.834 1609 174996 1480 68 151201 23090
5048 272.168 1157 120951 1075 40 106355 14380
5048 272.168 984 102885 841 29 88610 13773
5040 242.834 1532 155000 1357 58 134983 19501
5040 242.834 1354 151457 1234 69 127664 23059
5048 272.168 842 97384 753 57 82456 14751
5040 242.834 1489 161330 1330 56 137745 23170
5048 272.168 1102 116095 961 60 97479 18199
5040 242.834 1605 170596 1461 38 154414 15936
5048 272.168 1129 118544 1033 24 103896 14401
5040 242.834 1277 141465 1206 37 121926 19082
5048 272.168 880 105850 785 43 86979 18471
5040 242.834 1399 160375 1248 60 136550 23441
5048 272.168 1005 114000 841 64 94889 18677
5040 242.834 1271 140493 1102 54 119441 20465
5048 272.168 884 114993 721 58 92654 22176
5040 242.834 1534 159187 1396 79 137923 20714
5048 272.168 1040 114414 912 35 99420 14339
5040 242.834 1612 156875 1499 41 139402 16815
5048 272.168 1016 111229 926 24 97596 13047
5040 242.834 1574 173483 1418 72 147193 25536
5048 272.168 1174 125907 1049 62 106559 19214
5040 242.834 1143 134965 980 82 109574 25398
5048 272.168 894 102004 736 66 79251 22170
5040 242.834 1764 182923 1598 68 158094 24446
5048 272.168 1201 122042 1133 30 104466 16971
5040 242.834 1539 154427 1434 38 135836 18080
5048 272.168 1003 99223 928 36 86841 11790
5040 242.834 1387 139557 1267 52 119633 18994
5048 272.168 913 98742 818 43 82368 15769
5040 242.834 1294 151444 1160 56 127302 23721
5048 272.168 1092 113020 979 54 92714 19948
5040 242.834 1555 154159 1388 77 129545 23887
5048 272.168 973 118985 839 38 99512 18882
5040 242.834 1300 135777 1185 50 120678 14902
5048 272.168 998 102152 894 39 90298 11044
