#station_id r_mc scin_hg_tot_sig wcd_hg_tot_sig scin_hg_em_sig scin_hg_mu_sig wcd_hg_em_sig wcd_hg_mu_sig
5040 1509.6 341 18948 368 0 13919 5235
5048 1543.78 235 3496 292 0 2461 861
5040 1509.6 366 17317 208 168 8366 9493
5048 1543.78 257 30090 121 158 16543 12946
5040 1509.6 10 10003 32 0 5851 4425
5048 1543.78 79 9785 54 0 9002 652
5040 1509.6 204 27218 185 0 20965 6003
5048 1543.78 134 5081 134 0 5314 0
5040 1509.6 119 14759 84 0 5580 8989
5048 1543.78 743 22343 457 230 7923 14300
5040 1509.6 650 27292 363 197 4445 22151
5048 1543.78 695 19251 647 0 8756 9955
5040 1509.6 782 22295 247 548 8255 13113
5048 1543.78 50 6650 35 0 5357 1132
5040 1509.6 713 16467 458 186 8245 8109
5048 1543.78 939 22542 482 376 10268 12006
5040 1509.6 111 14672 85 0 14532 0
5048 1543.78 3037 19430 2481 554 8337 11215
5040 1509.6 1418 13042 1359 0 7589 5196
5048 1543.78 243 19009 68 195 7569 10920
5040 1509.6 446 25129 364 181 16813 8472
5048 1543.78 652 9243 136 468 5196 3684
5040 1509.6 526 26370 137 340 15449 10354
5048 1543.78 84 19558 91 0 8599 12128
5040 1509.6 412 14516 105 267 11356 3366
5048 1543.78 914 9679 994 0 9488 0
5040 1509.6 372 10424 200 0 6743 4205
5048 1543.78 332 6188 320 0 6201 0
5040 1509.6 690 29893 666 0 16416 13409
5048 1543.78 608 11504 579 0 10871 0
5040 1509.6 990 20357 409 491 8307 11720
5048 1543.78 171 14462 35 110 5192 9525
5040 1509.6 745 9240 768 0 9478 0
5048 1543.78 537 21996 155 351 6913 13833
5040 1509.6 548 23212 130 425 8991 14997
5048 1543.78 393 22857 396 0 16490 6103
5040 1509.6 11 10898 22 0 8000 2372
5048 1543.78 -10 6301 11 0 6031 0
5040 1509.6 551 12778 317 211 3624 9031
5048 1543.78 43 12832 28 0 7010 5832
5040 1509.6 1518 18467 929 615 13118 4875
5048 1543.78 -31 19422 28 0 14260 5125
5040 1509.6 409 7607 57 0 7607 0
5048 1543.78 0 11715 0 0 8842 3115
5040 1509.6 1083 8039 43 791 7976 105
5048 1543.78 250 3870 226 0 3819 0
5040 1509.6 497 16224 297 208 8796 6716
5048 1543.78 1197 22368 429 535 8230 14737
5040 1509.6 1312 36332 289 968 14490 21557
5048 1543.78 722 7100 778 0 6872 0
5040 1509.6 192 25734 104 128 10780 14757
5048 1543.78 1275 11510 738 542 4550 7174
5040 1509.6 755 23833 601 159 6768 17322
5048 1543.78 413 17252 167 223 10149 7218
5040 1509.6 338 19197 147 173 5049 14031
5048 1543.78 208 13200 35 164 3662 9781
5040 1509.6 981 9762 571 0 4746 4991
5048 1543.78 393 12942 298 115 10710 1955
5040 1509.6 450 17415 343 172 9039 8296
5048 1543.78 816 13549 591 181 10224 2086
5040 1509.6 829 20342 392 445 5379 14681
5048 1543.78 1350 13657 1103 234 5157 8377
5040 1509.6 540 15917 140 438 6013 9522
5048 1543.78 1850 12479 253 170 7163 5380
5040 1509.6 916 19062 658 218 6608 12041
5048 1543.78 721 19499 451 309 9922 8784
5040 1509.6 329 20805 339 0 11190 8667
5048 1543.78 241 11782 272 0 5292 6851
5040 1509.6 336 11123 1 341 10694 0
5048 1543.78 787 25074 361 374 7475 17140
5040 1509.6 598 22611 203 378 12470 9847
5048 1543.78 1041 5895 971 0 5136 704
5040 1509.6 142 6145 160 0 6123 0
5048 1543.78 650 8553 621 0 8645 0
5040 1509.6 694 12385 494 178 7432 4715
5048 1543.78 23 15318 17 0 11781 2815
5040 1509.6 72 26445 90 0 8872 17685
5048 1543.78 345 8600 330 0 2938 5434
5040 1509.6 287 22059 221 0 13476 8125
5048 1543.78 588 10221 540 0 8149 2487
5040 1509.6 224 14232 41 154 9449 4306
5048 1543.78 401 12312 320 0 8646 3638
5040 1509.6 1000 16588 596 350 10582 5563
5048 1543.78 390 17358 167 189 12985 4680
5040 1509.6 502 15193 479 0 9849 5571
5048 1543.78 768 18897 592 251 6184 12094
5040 1509.6 496 12727 312 250 8344 4717
5048 1543.78 -3 13161 13 0 5176 8062
5040 1509.6 764 12189 553 97 7750 4345
5048 1543.78 56 15964 51 0 9725 6334
5040 1509.6 -35 18097 61 0 13275 4458
5048 1543.78 485 9014 404 0 3740 5045
5040 1509.6 793 24323 741 123 17891 6283
5048 1543.78 61 18342 5 106 4737 13574
5048 1543.78 911 21535 888 0 9084 12013
5040 1509.6 644 10005 223 0 10199 0
5048 1543.78 192 6650 192 0 2638 4795
5040 1509.6 1159 4914 167 0 5199 0
5040 1509.6 937 22384 770 120 14168 8302
5048 1543.78 269 6832 14 326 4337 2483
5040 1509.6 531 12438 628 0 7977 4046
5048 1543.78 154 15838 3 166 6049 9102
5040 1509.6 1095 15773 0 0 5090 10818
5048 1543.78 954 22679 867 122 13731 8632
5040 1509.6 865 10868 797 0 6437 3630
5048 1543.78 204 5241 130 0 5100 0
5040 1509.6 863 13269 835 0 12207 763
5048 1543.78 1808 20459 984 726 10800 9393
5040 1509.6 95 20062 0 96 8611 10013
5048 1543.78 105 35884 18 0 11195 24658
5040 1509.6 17 21625 5 0 6948 13752
5048 1543.78 436 22548 223 205 10584 11897
5040 1509.6 384 18000 177 153 5243 12637
5048 1543.78 8 5821 57 0 6144 0
5040 1509.6 608 17076 485 124 10677 5884
5048 1543.78 590 12402 413 149 5698 6538
5040 1509.6 0 13117 0 0 4442 9324
5048 1543.78 465 4790 9 0 4742 0
5040 1509.6 1287 5685 1067 0 5893 0
5048 1543.78 404 8127 105 238 3596 4201
5040 1509.6 1107 22543 1004 140 12485 9853
5048 1543.78 4141 21866 301 186 12332 8721
5040 1509.6 135 12153 141 0 7220 4378
5048 1543.78 375 13163 309 0 7981 5377
5040 1509.6 926 20888 568 275 11231 9688
5048 1543.78 203 19158 248 0 6950 11016
5040 1509.6 266 27913 236 0 21178 7543
5048 1543.78 461 17279 379 0 12255 4563
5040 1509.6 1863 25533 532 207 17633 7874
5048 1543.78 211 5468 195 0 5147 270
5040 1509.6 775 12987 284 399 4922 7222
5048 1543.78 566 22788 328 182 9158 13012
5040 1509.6 796 19546 594 248 10851 8416
5048 1543.78 203 21945 169 0 3146 18163
5040 1509.6 972 12673 893 0 7586 4742
5048 1543.78 -39 8491 2 0 8389 0
5040 1509.6 135 10699 175 0 9162 1587
5048 1543.78 721 11807 520 192 6966 4917
5040 1509.6 23 20495 31 0 9162 11105
5048 1543.78 854 25247 847 0 13411 13096
5040 1509.6 876 18810 122 734 7943 10705
5048 1543.78 343 14316 158 215 9327 5029
5040 1509.6 989 13545 220 312 7139 5851
5048 1543.78 812 37085 581 173 15505 21037
5040 1509.6 1444 16824 207 174 7523 8876
5048 1543.78 264 9986 228 0 5201 4257
5040 1509.6 234 7839 254 0 2086 5605
5048 1543.78 1005 10310 567 340 7040 2460
5040 1509.6 993 27210 590 326 10473 17199
5048 1543.78 846 9080 643 184 6662 2788
5040 1509.6 300 9127 264 0 9421 0
5048 1543.78 416 19873 352 0 15749 3945
5040 1509.6 273 20781 269 0 15432 5865
5048 1543.78 553 18411 44 516 8330 9390
5040 1509.6 1102 19268 627 0 10178 8448
5048 1543.78 599 22373 663 0 11834 10306
5040 1509.6 582 15903 550 0 10587 4525
5048 1543.78 813 18092 195 539 9612 7836
5040 1509.6 930 13120 855 0 12555 0
5048 1543.78 594 21073 293 324 7331 13289
5040 1509.6 564 12433 551 0 8862 3550
5048 1543.78 163 10933 9 137 6420 4333
5040 1509.6 1221 13243 1206 0 12647 599
5048 1543.78 794 15011 478 252 9585 5097
5040 1509.6 648 25697 609 0 12516 13039
5048 1543.78 219 7872 196 0 7802 0
5040 1509.6 188 20196 9 235 15170 4703
5048 1543.78 400 8401 361 0 2987 5601
5048 1543.78 1090 14605 1199 0 6716 8123
5040 1509.6 174 4723 208 0 3720 706
5040 1509.6 349 9818 41 267 5318 4043
5048 1543.78 777 13809 529 0 5201 8462
5040 1509.6 1227 19895 715 493 9074 10701
5048 1543.78 59 13540 101 0 5312 7966
5040 1509.6 446 24947 284 159 6045 18435
5048 1543.78 1801 17038 950 754 7894 8170
5040 1509.6 141 8409 118 0 8430 0
5048 1543.78 2176 27817 2158 0 14727 12822
5040 1509.6 310 15785 39 269 6003 9433
5048 1543.78 659 17396 81 552 7867 9381
5040 1509.6 947 20045 892 0 12190 8267
5048 1543.78 355 22350 354 0 13129 8901
5040 1509.6 0 7867 0 0 6312 1387
5048 1543.78 1261 9124 1298 0 8292 715
5040 1509.6 304 17687 119 186 9654 8432
5048 1543.78 502 23143 75 362 10308 12984
5040 1509.6 410 9588 342 0 9118 0
5048 1543.78 537 14420 420 114 11599 2241
5040 1509.6 265 7025 69 172 5067 1620
5048 1543.78 426 17625 0 130 3437 13580
5040 1509.6 408 14610 335 99 9455 4516
5048 1543.78 903 16927 709 240 8352 8515
5040 1509.6 587 21593 435 149 21601 0
5048 1543.78 50 10798 6 0 6234 4723
5040 1509.6 683 21848 354 248 13534 8123
5048 1543.78 345 16540 199 143 14956 1352
5040 1509.6 429 15719 452 0 7275 8641
5048 1543.78 663 16006 467 193 5153 10879
5040 1509.6 369 19165 62 333 11766 7210
5048 1543.78 415 16250 216 203 9462 6096
5040 1509.6 211 8296 232 0 8075 0
5048 1543.78 31 9334 0 0 9659 0
5040 1509.6 181 17268 107 0 14198 1577
5048 1543.78 480 7056 479 0 2319 4346
#station_id r_mc scin_hg_tot_sig wcd_hg_tot_sig scin_hg_em_sig scin_hg_mu_sig wcd_hg_em_sig wcd_hg_mu_sig
5040 1509.6 506 11440 266 257 6385 5042
5048 1543.78 250 9982 262 0 6951 2990
5040 1509.6 458 11679 488 0 11469 0
5048 1543.78 846 17433 703 144 13923 3974
5040 1509.6 179 7138 181 0 6891 0
5048 1543.78 280 10111 222 0 4656 5925
5040 1509.6 619 2311 338 200 1672 591
5048 1543.78 186 1695 174 0 1579 0
5040 1509.6 556 22090 389 187 13935 7868
5048 1543.78 1617 22758 1434 153 16248 6533
5040 1509.6 438 25698 253 215 14053 11388
5048 1543.78 1442 7688 440 0 7705 414
5040 1509.6 471 17564 482 0 11389 5465
5048 1543.78 806 12582 726 0 12253 0
5040 1509.6 234 14320 293 0 8039 6639
5048 1543.78 348 15126 360 0 4753 10738
5040 1509.6 10 19305 0 0 12443 6916
5048 1543.78 395 7347 208 148 4869 2424
5040 1509.6 217 6216 292 0 5962 0
5048 1543.78 649 15682 94 0 6730 9428
5040 1509.6 1305 20603 1133 99 11267 9011
5048 1543.78 715 18002 380 297 11867 5721
5040 1509.6 335 26070 153 173 15163 9941
5048 1543.78 533 23850 267 283 6891 16342
5040 1509.6 351 25131 11 269 12178 12825
5048 1543.78 672 22320 510 0 7294 14042
5040 1509.6 1156 22845 992 190 10721 12571
5048 1543.78 1160 14697 767 0 10618 3487
5040 1509.6 327 8340 41 285 6430 1661
5048 1543.78 852 8045 435 0 6263 1791
5040 1509.6 936 14778 288 710 9355 4868
5048 1543.78 239 8990 160 0 5367 4378
5040 1509.6 815 19632 574 191 6641 12241
5048 1543.78 257 12546 182 0 7453 5218
5040 1509.6 1483 20929 1321 114 11273 9217
5048 1543.78 631 21595 232 307 7275 14033
5040 1509.6 343 14315 278 0 3762 10559
5048 1543.78 417 13699 204 169 5600 7862
5040 1509.6 620 15029 639 0 8528 6413
5048 1543.78 407 19511 217 214 6300 12938
5040 1509.6 157 13373 138 0 9492 3642
5048 1543.78 49 6296 31 0 3768 2383
5040 1509.6 93 18451 61 0 13412 4816
5048 1543.78 670 21178 17 592 6295 14762
5040 1509.6 558 20036 316 167 11680 7675
5048 1543.78 683 18368 129 546 10011 7727
5040 1509.6 605 18029 219 272 10531 7200
5048 1543.78 2676 24352 1332 567 12090 11387
5040 1509.6 580 19574 430 93 17595 1746
5048 1543.78 0 23613 0 0 19289 4105
5040 1509.6 634 13811 614 0 12777 1708
5048 1543.78 425 8837 20 350 3572 4887
5040 1509.6 388 6164 366 0 5854 0
5048 1543.78 163 21197 3 165 8681 12113
5040 1509.6 833 17001 781 0 10920 5897
5048 1543.78 24 9916 21 0 5392 4366
5040 1509.6 70 26108 66 0 7997 17176
5048 1543.78 1792 15119 216 0 8148 7427
5040 1509.6 100 13174 72 0 8487 4222
5048 1543.78 228 6575 145 0 6152 0
5040 1509.6 136 8438 113 0 5685 3175
5048 1543.78 226 7289 209 0 6774 0
5040 1509.6 158 7319 161 0 7429 0
5048 1543.78 117 16984 0 92 5581 11535
5040 1509.6 897 13180 683 213 5185 7837
5048 1543.78 867 16947 503 296 4451 11832
5040 1509.6 528 18887 306 231 9465 9571
5048 1543.78 456 15618 100 127 11199 4833
5040 1509.6 814 17049 772 0 12249 4429
5048 1543.78 898 14582 512 344 9540 5072
5040 1509.6 -2 10104 48 0 7928 2186
5048 1543.78 841 5655 613 180 2897 2679
5040 1509.6 353 15507 268 124 13677 1579
5048 1543.78 896 10446 645 216 5878 3896
5040 1509.6 137 14075 189 0 5014 8921
5048 1543.78 3226 7278 876 0 6880 0
5040 1509.6 884 13166 543 291 11091 2079
5048 1543.78 1066 26247 600 474 15129 11046
5040 1509.6 363 9516 311 0 5050 4757
5048 1543.78 504 19120 432 0 9593 9642
5048 1543.78 431 18931 378 0 13521 5275
5040 1509.6 1107 22668 215 791 13508 8819
5040 1509.6 407 7477 424 0 3771 3166
5048 1543.78 131 6063 116 0 6050 0
5040 1509.6 601 18435 157 482 8705 8680
5048 1543.78 180 4702 180 0 4471 0
5040 1509.6 425 22100 447 0 4909 16352
5048 1543.78 383 17003 244 128 6908 10026
5040 1509.6 626 17945 575 0 11991 5789
5048 1543.78 754 29258 155 620 19724 9754
5040 1509.6 578 28276 337 217 15393 11992
5048 1543.78 263 3610 120 196 3791 0
5040 1509.6 149 14479 94 125 6711 7454
5048 1543.78 365 16020 38 280 6370 9537
5040 1509.6 350 19461 103 194 10893 8286
5048 1543.78 0 6191 0 0 5758 0
5040 1509.6 198 5620 201 0 5418 0
5048 1543.78 668 6894 145 0 2623 4124
5040 1509.6 748 20318 3 678 11048 9251
5048 1543.78 841 29717 570 217 16079 13002
5040 1509.6 835 18055 604 199 9136 8287
5048 1543.78 681 34653 265 476 7559 27084
5040 1509.6 797 10560 467 279 6521 3721
5048 1543.78 106 15979 109 0 10940 5718
5040 1509.6 336 11900 379 0 5111 6475
5048 1543.78 737 27238 718 0 18138 8982
5040 1509.6 229 7307 0 175 4950 2570
5048 1543.78 219 7283 125 0 6491 880
5040 1509.6 682 24016 440 220 9384 14184
5048 1543.78 657 22782 388 182 11986 9874
5040 1509.6 351 6525 343 0 6287 0
5048 1543.78 447 19487 265 201 5277 14330
5040 1509.6 131 11868 144 0 11310 694
5048 1543.78 847 12911 895 0 12101 548
5040 1509.6 653 10204 539 135 8632 855
5048 1543.78 440 10148 160 248 7625 2103
5040 1509.6 897 18399 859 0 12059 5500
5048 1543.78 201 13993 199 0 5305 9134
5040 1509.6 193 19909 170 0 7154 12540
5048 1543.78 579 18222 335 240 6960 11158
5040 1509.6 1465 5589 139 0 4911 960
5048 1543.78 1165 22717 1152 0 7411 15315
5040 1509.6 1080 20873 879 187 10738 9704
5048 1543.78 44 8540 6 0 8349 0
5040 1509.6 1136 9161 1067 0 6879 1863
5048 1543.78 309 17878 51 257 12538 4912
5040 1509.6 58 11245 55 0 11386 0
5048 1543.78 141 16008 183 0 8268 7762
5040 1509.6 435 11771 446 0 7769 4282
5048 1543.78 405 23333 331 100 10805 13684
5040 1509.6 883 16768 393 422 6080 10746
5048 1543.78 79 12405 119 0 8130 4282
5040 1509.6 960 25367 341 576 9932 14950
5048 1543.78 1057 19749 499 582 5960 14459
5040 1509.6 415 16208 6 401 7328 8780
5048 1543.78 326 20718 59 215 10715 8906
5040 1509.6 41 12931 43 0 12920 0
5048 1543.78 577 17592 447 105 6664 11397
5040 1509.6 0 1458 0 0 1305 0
5048 1543.78 4 7339 0 0 7749 0
5040 1509.6 979 17011 579 239 5229 12133
5048 1543.78 1435 12356 1129 307 4544 7470
5040 1509.6 410 18618 35 386 6711 11227
5048 1543.78 168 11098 4 201 5479 5362
5040 1509.6 30 16051 14 0 10341 5451
5048 1543.78 1053 21441 946 0 8213 13009
5040 1509.6 640 17835 426 134 9116 8314
5048 1543.78 959 20993 223 785 8656 11953
5040 1509.6 360 19536 299 0 10832 8072
5048 1543.78 548 16515 400 244 12351 3757
5040 1509.6 966 44726 227 786 18053 26488
5048 1543.78 176 8188 19 183 6600 1167
5040 1509.6 284 17755 234 0 13152 4593
5048 1543.78 602 16565 400 111 7922 8565
5040 1509.6 418 9151 504 0 7924 932
5048 1543.78 892 12877 553 0 8792 3835
5040 1509.6 505 15319 43 427 9525 5832
5048 1543.78 234 20768 60 206 12106 8777
5040 1509.6 738 27794 325 401 14364 11798
5048 1543.78 0 15340 0 0 14256 1986
5040 1509.6 439 16729 91 283 9011 7119
5048 1543.78 734 10663 859 0 9367 1469
5040 1509.6 1101 25909 917 125 10998 15378
5048 1543.78 720 18354 711 0 11805 6291
5040 1509.6 66 5841 64 0 6461 0
5048 1543.78 -4 15837 5 0 10795 5493
5040 1509.6 1485 21319 873 190 4992 16311
5048 1543.78 68 19550 53 0 9604 9631
5040 1509.6 331 26825 26 284 12339 15099
5048 1543.78 120 12800 0 121 7476 4775
5040 1509.6 675 15626 693 0 6864 8901
5048 1543.78 308 4928 250 0 4535 98
5040 1509.6 936 14700 0 159 10524 4357
5048 1543.78 280 13326 230 0 9952 2904
5040 1509.6 376 22945 433 0 19358 3763
5048 1543.78 757 9160 779 0 8481 0
5040 1509.6 26 14058 30 0 10084 3649
5048 1543.78 327 6972 336 0 6941 0
5040 1509.6 906 15157 973 0 9026 5927
5048 1543.78 1245 15542 1041 235 6741 9704
5040 1509.6 421 19500 0 440 8653 10895
5048 1543.78 117 7136 107 0 6564 704
5040 1509.6 317 24360 286 0 14108 9127
5048 1543.78 43 7513 17 0 7773 0
5040 1509.6 405 20925 65 319 10276 10344
5048 1543.78 439 21226 195 120 8683 12118
5040 1509.6 715 26561 722 0 12472 12925
5048 1543.78 313 19719 0 349 12936 7201
5040 1509.6 369 16037 128 283 13630 1773
5048 1543.78 674 7627 283 374 7287 554
5040 1509.6 448 21177 247 197 6088 14978
5048 1543.78 358 17570 205 177 9043 8509
5040 1509.6 819 25559 622 149 10405 14616
5048 1543.78 96 28103 46 115 13764 14667
5040 1509.6 91 7271 88 0 2843 3965
5048 1543.78 253 3842 193 0 3864 0
5040 1509.6 1795 12427 433 0 12076 0
5048 1543.78 319 18182 327 0 6820 11352
5040 1509.6 2112 22690 1486 625 11734 11413
5048 1543.78 168 8080 32 141 4561 3994
5040 1509.6 1543 26357 382 127 7698 16706
5048 1543.78 836 6850 649 214 5905 868
5040 1509.6 762 18812 550 151 7618 10915
5048 1543.78 167 23488 143 0 12077 11501
5040 1509.6 986 13779 381 623 7896 5318
5048 1543.78 11 13359 15 0 11901 989
5040 1509.6 556 24346 377 200 18305 4711
5048 1543.78 546 11987 535 0 7459 4187
5040 1509.6 685 18442 470 231 11214 6630
5048 1543.78 309 12080 161 174 5740 5969
5040 1509.6 3016 22688 0 143 13425 8019
5048 1543.78 1044 23706 850 183 8816 14972
5040 1509.6 572 20756 506 97 7923 12241
5048 1543.78 849 17049 239 182 14057 2158
5040 1509.6 859 27751 349 484 16388 10311
5048 1543.78 743 12215 294 348 11780 609
5040 1509.6 515 11707 460 0 6987 4694
5048 1543.78 247 15854 15 213 7774 7550
5040 1509.6 527 17955 238 0 8428 9811
5048 1543.78 309 11332 409 0 5411 5499
5040 1509.6 0 5790 0 0 5633 0
5048 1543.78 356 3790 324 0 3469 0
5048 1543.78 196 20552 226 0 3424 16887
5040 1509.6 1153 14006 919 192 6710 7153
#station_id r_mc scin_hg_tot_sig wcd_hg_tot_sig scin_hg_em_sig scin_hg_mu_sig wcd_hg_em_sig wcd_hg_mu_sig
5040 1509.6 126 10277 0 118 6533 3236
5048 1543.78 0 15192 0 0 7514 7504
5040 1509.6 513 19583 530 0 9200 9853
5048 1543.78 1387 6775 1383 0 6757 0
5040 1509.6 33 12366 14 0 12357 0
5048 1543.78 387 16717 50 413 11405 4960
5040 1509.6 1023 11139 1006 34 9463 1399
5048 1543.78 267 19422 257 0 13195 6603
5040 1509.6 12 13386 15 0 4807 8574
5048 1543.78 240 11309 72 170 8192 2562
5040 1509.6 1063 11604 1028 0 8237 3005
5048 1543.78 335 13387 342 0 8751 5236
5040 1509.6 0 6834 0 0 6853 0
5048 1543.78 818 19302 142 615 2148 17026
5040 1509.6 102 6474 60 0 6905 0
5048 1543.78 180 4774 172 0 5032 0
5040 1509.6 182 15110 70 127 8102 7003
5048 1543.78 674 10371 108 0 9915 0
5040 1509.6 204 20706 183 0 9283 11466
5048 1543.78 72 4037 117 0 4020 0
5040 1509.6 1138 13613 295 332 6093 6879
5048 1543.78 0 5709 0 0 3981 1794
5040 1509.6 339 12495 358 0 12474 0
5048 1543.78 729 5836 642 0 5393 0
5040 1509.6 208 19643 16 166 3943 14851
5048 1543.78 101 11616 62 0 7482 4589
5040 1509.6 571 16995 420 189 10701 4883
5048 1543.78 1215 8503 1110 0 8542 0
5040 1509.6 168 18913 16 219 12353 5679
5048 1543.78 1629 13100 708 0 11193 1725
5040 1509.6 931 19148 351 0 8091 11514
5048 1543.78 190 20118 0 180 5559 14021
5040 1509.6 610 6279 277 0 5718 0
5048 1543.78 19 6717 12 0 6518 0
5040 1509.6 593 9359 599 0 8134 846
5048 1543.78 148 11013 165 0 8969 1826
5040 1509.6 304 13650 159 169 7811 5747
5048 1543.78 538 23470 377 127 5821 17997
5040 1509.6 897 17684 482 0 8737 8609
5048 1543.78 1034 9341 875 0 9469 0
5040 1509.6 83 10054 31 0 5103 5136
5048 1543.78 712 8128 653 0 5270 2775
5040 1509.6 526 12728 591 0 9763 2457
5048 1543.78 459 12395 138 314 4750 6634
5040 1509.6 734 12823 256 413 6276 6433
5048 1543.78 674 11096 661 0 7647 3286
5040 1509.6 1173 27931 854 194 12984 15222
5048 1543.78 1266 16562 544 739 9410 5928
5040 1509.6 1692 27106 987 644 8284 17816
5048 1543.78 481 14520 497 0 4581 9408
5040 1509.6 507 16602 462 0 12084 4171
5048 1543.78 1319 27262 723 574 7158 19418
5040 1509.6 659 13627 345 0 13420 0
5048 1543.78 466 20551 223 206 11271 9945
5040 1509.6 369 28220 379 0 22985 5021
5048 1543.78 196 17519 220 0 11243 6264
5040 1509.6 834 21513 569 187 11297 9651
5048 1543.78 1296 14898 320 400 8703 5779
5040 1509.6 256 10618 10 202 5669 4636
5048 1543.78 232 6824 26 0 3403 3337
5040 1509.6 723 13787 405 273 10524 2754
5048 1543.78 459 18657 0 512 8943 9576
5040 1509.6 816 20601 573 205 10768 9368
5048 1543.78 222 17550 11 188 11479 6246
5040 1509.6 1204 11627 762 155 10353 1119
5048 1543.78 464 22778 295 164 12198 10673
5040 1509.6 843 37360 399 474 14689 21605
5048 1543.78 881 13589 181 651 4189 8721
5040 1509.6 1151 10998 808 0 5748 4987
5048 1543.78 1080 3044 840 257 2892 0
5040 1509.6 1472 13575 1097 339 8713 4630
5048 1543.78 722 17905 200 132 14020 3639
5040 1509.6 253 17966 76 129 5777 11931
5048 1543.78 244 8369 243 0 7327 924
5040 1509.6 688 27048 428 341 13856 13092
5048 1543.78 -7 12798 0 0 8421 4788
5040 1509.6 745 10790 718 0 9017 1918
5048 1543.78 200 20104 22 153 3209 17021
5040 1509.6 459 3610 481 0 3304 384
5048 1543.78 30 24114 20 0 9903 12745
5040 1509.6 1145 14036 415 0 9814 3902
5048 1543.78 315 17535 0 0 12453 4859
5040 1509.6 386 10804 402 0 8358 1578
5048 1543.78 0 10167 0 0 6379 4346
5040 1509.6 298 22583 389 0 4842 16922
5048 1543.78 1062 12905 1015 0 7283 5265
5040 1509.6 604 22017 576 0 14212 7849
5048 1543.78 23 24170 12 0 9758 14517
5040 1509.6 330 9932 267 0 9684 0
5048 1543.78 337 3260 399 0 3090 0
5040 1509.6 968 34809 214 710 26057 9623
5048 1543.78 356 13350 305 0 8330 4345
5040 1509.6 564 11444 305 241 8254 3724
5048 1543.78 383 8760 302 0 4198 4142
5040 1509.6 340 11950 259 0 7093 4591
5048 1543.78 488 13904 308 118 4282 8864
5040 1509.6 761 8312 772 0 7500 541
5048 1543.78 192 5915 216 0 4711 954
5040 1509.6 212 6873 223 0 6997 0
5048 1543.78 391 17241 194 197 6354 10638
5040 1509.6 1111 24107 1023 0 15561 8400
5048 1543.78 691 6300 617 0 6789 0
5040 1509.6 755 16824 495 205 8039 8797
5048 1543.78 -20 10017 8 0 10455 0
5040 1509.6 219 18720 0 241 7815 10582
5048 1543.78 21 7509 23 0 7313 0
5040 1509.6 234 10064 208 0 8149 1322
5048 1543.78 62 15137 28 0 13110 1962
5040 1509.6 303 4927 343 0 4841 0
5048 1543.78 96 11784 57 0 7131 4093
5040 1509.6 283 9047 297 0 8303 0
5048 1543.78 910 23109 896 0 13653 8742
5040 1509.6 5 6559 8 0 6361 0
5048 1543.78 1137 18401 567 555 12284 5822
5048 1543.78 328 13946 394 0 8740 5381
5040 1509.6 681 10680 641 0 8140 2578
5040 1509.6 964 10226 436 418 5790 4271
5048 1543.78 657 4280 681 0 4417 0
5040 1509.6 1813 10608 1288 323 4874 5232
5048 1543.78 698 7792 646 0 7387 0
5040 1509.6 707 18936 528 153 5681 12209
5048 1543.78 611 13173 389 195 4541 8711
5040 1509.6 701 12213 716 0 8100 4751
5048 1543.78 669 14906 483 228 6725 7723
5040 1509.6 20 8371 0 0 8562 0
5048 1543.78 185 8963 214 0 8804 0
5040 1509.6 398 21936 104 336 7288 14982
5048 1543.78 716 21839 128 145 8895 12137
5040 1509.6 1422 18875 1237 202 8389 10505
5048 1543.78 100 10881 50 0 9772 1071
5040 1509.6 1251 19121 776 385 6066 12486
5048 1543.78 528 17977 19 513 7930 9001
5040 1509.6 -49 11709 0 0 5178 5869
5048 1543.78 596 9123 190 408 6712 2721
5040 1509.6 104 5248 61 0 5026 0
5048 1543.78 164 8938 28 168 2632 5988
5040 1509.6 234 10178 270 0 5344 4829
5048 1543.78 345 13531 3 381 7626 5216
5040 1509.6 862 8226 803 0 7770 0
5048 1543.78 496 23418 77 339 13836 9827
5040 1509.6 900 10998 726 144 5717 4490
5048 1543.78 234 12244 237 0 5516 6007
5040 1509.6 274 20559 69 204 12021 8258
5048 1543.78 228 14076 214 0 8766 5015
5040 1509.6 797 13391 804 0 10411 3376
5048 1543.78 1093 26342 867 151 17148 8098
5040 1509.6 632 14841 571 0 14110 500
5048 1543.78 124 18771 203 0 10113 8735
5040 1509.6 569 17426 206 386 6832 10994
5048 1543.78 600 9886 478 117 9684 0
5040 1509.6 32 14192 11 0 14030 0
5048 1543.78 596 12977 535 0 4389 8206
5040 1509.6 27 12589 1 0 8446 4819
5048 1543.78 24 10574 6 0 10850 0
5040 1509.6 598 8143 277 0 8050 0
5048 1543.78 806 6616 797 0 6868 0
5040 1509.6 123 13455 94 0 9133 3685
5048 1543.78 282 12227 228 144 11179 73
5040 1509.6 176 14256 186 0 10207 3652
5048 1543.78 818 8032 846 0 7045 0
5040 1509.6 150 8968 189 0 9023 0
5048 1543.78 312 28083 131 211 13762 14845
5040 1509.6 755 7420 750 0 7793 0
5048 1543.78 632 10822 70 622 8160 2910
5040 1509.6 479 29158 483 0 18281 9922
5048 1543.78 547 12962 518 0 9530 3382
5040 1509.6 551 20374 150 361 8658 12045
5048 1543.78 108 11842 179 0 6781 4444
5040 1509.6 301 31344 127 170 17043 14424
5048 1543.78 272 8851 246 0 9395 0
5040 1509.6 493 15351 458 0 6302 8674
5048 1543.78 391 17260 239 147 8458 8928
5040 1509.6 966 15116 947 0 13870 1145
5048 1543.78 230 13473 35 229 9383 4502
5040 1509.6 813 23787 532 187 13487 9626
5048 1543.78 1165 19550 776 359 9073 10508
5040 1509.6 638 20023 413 0 12724 8088
5048 1543.78 1125 14121 1012 141 8921 5043
5040 1509.6 445 24990 212 187 15194 9185
5048 1543.78 443 6756 480 0 7015 0
5040 1509.6 317 13852 311 0 5136 9653
5048 1543.78 601 13006 600 0 12494 0
5040 1509.6 1952 11005 40 487 7746 2794
5048 1543.78 368 18141 107 236 6523 10743
5040 1509.6 634 12065 581 0 7813 3498
5048 1543.78 75 20614 38 0 14235 6790
5040 1509.6 300 15567 356 0 15324 0
5048 1543.78 173 3682 205 0 3868 0
5040 1509.6 723 16024 703 0 16431 0
5048 1543.78 507 22370 221 237 11342 10920
5040 1509.6 126 16790 19 150 10938 4574
5048 1543.78 322 14812 304 0 8285 6223
5040 1509.6 415 10197 184 247 7287 3241
5048 1543.78 404 21084 238 156 18107 3126
5040 1509.6 518 12961 431 0 7424 4763
5048 1543.78 14 12907 1 0 7253 5254
5040 1509.6 781 31624 20 799 13280 18265
5048 1543.78 218 10138 171 0 9846 0
5040 1509.6 513 17322 531 0 9575 7321
5048 1543.78 959 14720 306 628 5186 10060
5040 1509.6 568 28681 83 165 16816 11759
5048 1543.78 298 10272 224 114 7970 2155
5040 1509.6 345 13247 283 98 9782 3438
5048 1543.78 113 9624 149 0 9311 0
5040 1509.6 470 30534 284 153 17478 13288
5048 1543.78 311 6903 163 189 4276 2767
5040 1509.6 859 14124 349 533 7386 6434
5048 1543.78 541 17824 278 192 8115 9330
5040 1509.6 627 22446 218 352 3343 18258
5048 1543.78 427 7093 466 0 6909 0
5040 1509.6 374 18762 404 0 4800 14279
5048 1543.78 34 6471 47 0 6845 0
5040 1509.6 212 13007 11 220 8713 4190
5048 1543.78 874 31082 279 489 6740 23378
5040 1509.6 1210 16511 830 304 7634 9070
5048 1543.78 8 12279 38 0 7401 4910
5040 1509.6 0 15230 0 0 15918 0
5048 1543.78 432 21978 349 0 11575 9622
5040 1509.6 1101 15614 900 180 9929 5515
5048 1543.78 263 15557 265 0 11053 4408
5040 1509.6 450 14815 465 0 10112 4821
5048 1543.78 636 19153 511 152 10737 8189
5040 1509.6 371 22049 0 305 7751 13600
5048 1543.78 237 6124 220 0 2497 3743
#station_id r_mc scin_hg_tot_sig wcd_hg_tot_sig scin_hg_em_sig scin_hg_mu_sig wcd_hg_em_sig wcd_hg_mu_sig
5040 1509.6 658 8115 648 0 7999 0
5048 1543.78 1051 2458 941 0 2436 0
5040 1509.6 1517 12327 1276 166 6634 5601
5048 1543.78 336 15542 26 306 9764 6088
5048 1543.78 793 39859 417 370 9082 30669
5040 1509.6 277 30899 0 283 9684 20251
5040 1509.6 226 8609 156 0 5179 3668
5048 1543.78 200 9925 171 0 4057 5647
5040 1509.6 503 28444 167 255 17405 10775
5048 1543.78 406 13701 245 203 7565 6089
5040 1509.6 267 16138 237 0 6690 8950
5048 1543.78 602 10407 591 0 7076 3002
5040 1509.6 420 15242 182 199 6065 8725
5048 1543.78 267 30791 229 0 8960 21665
5040 1509.6 220 11614 33 214 7993 3638
5048 1543.78 695 12089 680 0 12083 250
5040 1509.6 0 11730 0 0 10795 1017
5048 1543.78 -4 21171 3 0 19917 1151
5040 1509.6 2276 16942 473 298 10056 6720
5048 1543.78 183 10227 0 196 4811 5512
5040 1509.6 156 14130 6 190 10462 3843
5048 1543.78 371 23929 223 163 16924 6978
5040 1509.6 439 12148 432 0 6760 4909
5048 1543.78 917 17544 841 124 8612 8817
5040 1509.6 0 9983 0 0 5077 4601
5048 1543.78 327 9714 0 362 6015 4132
5040 1509.6 873 9786 946 0 8851 712
5048 1543.78 588 10195 422 117 4907 4906
5040 1509.6 790 11451 683 0 9698 2313
5048 1543.78 205 20938 35 156 9412 11646
5040 1509.6 893 7115 476 429 6331 1030
5048 1543.78 61 17942 15 0 12804 4893
5040 1509.6 254 25681 2 207 10102 14846
5048 1543.78 407 20763 169 248 16629 3512
5040 1509.6 24 21217 24 0 17038 3954
5048 1543.78 933 30061 196 729 17663 11074
5040 1509.6 429 15871 274 195 6043 8820
5048 1543.78 388 18686 227 180 14993 4118
5040 1509.6 1142 22702 839 294 13057 9229
5048 1543.78 1075 18437 528 474 9197 9386
5040 1509.6 889 16791 478 389 8295 8722
5048 1543.78 530 16717 276 198 5984 10818
5040 1509.6 761 27195 27 766 11185 15849
5048 1543.78 186 6658 219 0 5988 768
5040 1509.6 142 23539 168 0 8340 15505
5048 1543.78 428 22310 371 0 17549 4670
5040 1509.6 419 13547 452 0 6436 6203
5048 1543.78 199 18506 204 0 11766 6282
5040 1509.6 537 21106 579 0 9146 12557
5048 1543.78 1830 13865 1530 221 7404 6319
5040 1509.6 190 14681 32 153 12305 2366
5048 1543.78 139 15952 0 147 6315 10092
5040 1509.6 776 32686 443 270 10975 21586
5048 1543.78 8 8775 1 0 4140 5111
5040 1509.6 502 18539 207 300 12704 5549
5048 1543.78 133 14787 137 0 5839 8190
5040 1509.6 784 23576 704 0 14714 9080
5048 1543.78 1476 13910 1161 0 11044 3055
5040 1509.6 428 16495 426 0 11862 4028
5048 1543.78 1648 21900 0 166 8640 13037
5048 1543.78 724 23186 806 0 12683 10567
5040 1509.6 484 24302 235 231 17217 6554
5040 1509.6 1087 22441 440 490 11275 10360
5048 1543.78 211 9731 54 169 6993 1948
5040 1509.6 599 11528 516 0 6474 5403
5048 1543.78 269 11732 275 0 7048 4990
5040 1509.6 1303 12562 1076 221 8560 3595
5048 1543.78 452 17902 253 150 9071 8348
5040 1509.6 533 12430 380 174 8799 3850
5048 1543.78 19 5581 0 0 5370 162
5040 1509.6 291 11906 302 0 11928 0
5048 1543.78 355 29070 150 142 17711 10941
5040 1509.6 1300 22597 864 379 16235 6526
5048 1543.78 643 19550 661 0 10318 8189
5040 1509.6 571 12037 612 0 6398 5520
5048 1543.78 662 23126 172 500 8875 14455
5040 1509.6 988 25958 574 320 10279 15976
5048 1543.78 -8 9409 4 0 3385 5565
5040 1509.6 786 19870 613 102 15590 4856
5048 1543.78 357 15841 164 209 7978 7857
5040 1509.6 656 31078 630 0 20717 10386
5048 1543.78 1322 28405 547 751 6239 21961
5040 1509.6 422 12257 190 198 10124 2521
5048 1543.78 631 15041 663 0 8768 6408
5040 1509.6 304 32597 144 176 10820 21748
5048 1543.78 113 28646 77 0 15819 12690
5040 1509.6 806 21870 541 249 14057 8156
5048 1543.78 41 4336 32 0 2860 1196
5040 1509.6 2565 18456 560 404 8004 10490
5048 1543.78 371 12019 131 174 5367 6372
5040 1509.6 315 9491 60 250 5682 4371
5048 1543.78 459 9389 8 0 4151 4697
5040 1509.6 617 5795 588 0 5553 0
5048 1543.78 134 9412 208 0 9164 0
5048 1543.78 499 11602 480 0 4979 6530
5040 1509.6 9 17880 13 0 8166 9520
5040 1509.6 2692 11525 461 0 10377 0
5048 1543.78 398 10565 294 0 7704 2818
5040 1509.6 1149 23458 768 327 4854 18279
5048 1543.78 741 18337 339 463 12492 5746
5040 1509.6 1631 23192 808 782 6073 17261
5048 1543.78 1410 33598 1162 211 25972 8092
5040 1509.6 549 25860 355 150 11667 13415
5048 1543.78 571 19066 601 0 14610 4665
5040 1509.6 233 16446 13 190 7646 8320
5048 1543.78 1157 19791 980 234 6632 12295
5040 1509.6 301 11792 0 352 2209 9398
5048 1543.78 678 18582 201 393 5425 12709
5040 1509.6 544 9188 0 572 7188 2214
5048 1543.78 -11 10304 6 0 3726 6836
5040 1509.6 180 8302 255 0 7893 114
5048 1543.78 983 22696 304 694 4938 17516
5040 1509.6 256 19643 8 209 7446 11425
5048 1543.78 1458 16130 1210 241 9415 6952
5040 1509.6 529 20598 285 182 6479 13757
5048 1543.78 2312 21726 1878 388 6088 15513
5040 1509.6 1283 24526 798 444 9211 14591
5048 1543.78 165 5147 162 0 5007 0
5040 1509.6 391 10777 375 0 7204 3475
5048 1543.78 614 10954 410 181 6664 4196
5040 1509.6 454 24269 478 0 8031 15740
5048 1543.78 168 17424 134 0 11440 5988
5040 1509.6 392 8459 396 0 8730 0
5048 1543.78 0 12555 0 0 7728 5384
5040 1509.6 117 17973 148 0 8411 9795
5048 1543.78 541 12863 126 416 4692 7323
5040 1509.6 492 31520 328 211 9776 21721
5048 1543.78 282 19255 223 0 18678 0
5040 1509.6 337 12112 193 176 7438 4011
5048 1543.78 900 13960 846 0 8510 4904
5040 1509.6 829 24720 335 526 10521 14089
5048 1543.78 326 3192 265 0 2568 580
5040 1509.6 839 28573 542 324 15037 13729
5048 1543.78 790 13507 507 342 6817 7168
5040 1509.6 897 22814 291 614 8568 13419
5048 1543.78 227 11413 146 0 9515 1352
5040 1509.6 297 29892 118 178 12756 17799
5048 1543.78 330 19350 33 283 6044 12629
5048 1543.78 973 26786 271 0 18428 8209
5040 1509.6 325 23733 143 170 15459 8162
5040 1509.6 309 19670 162 127 8071 11406
5048 1543.78 131 17560 153 0 7926 8114
5040 1509.6 1066 17200 1124 0 6624 9771
5048 1543.78 15 9036 30 0 4669 4236
5040 1509.6 145 14983 147 0 8482 6217
5048 1543.78 1367 31199 714 610 10398 21321
5040 1509.6 651 20436 678 0 15732 3815
5048 1543.78 233 10287 9 193 8133 1653
5040 1509.6 1985 32497 1891 0 8617 23356
5048 1543.78 319 10944 386 0 6576 4055
5040 1509.6 588 11116 166 439 5574 5707
5048 1543.78 302 29348 133 151 8657 22221
5040 1509.6 668 10036 670 0 10749 0
5048 1543.78 0 12122 0 0 6461 5066
5040 1509.6 819 47750 536 241 15140 32752
5048 1543.78 59 9682 52 0 8837 953
5040 1509.6 377 13419 228 189 9256 4180
5048 1543.78 121 7552 69 0 7670 0
5040 1509.6 546 6433 565 0 6469 0
5048 1543.78 696 13285 56 0 3666 9816
5040 1509.6 450 19735 371 0 10633 9589
5048 1543.78 11 18400 66 0 8352 9456
5040 1509.6 492 18690 426 0 6806 12211
5048 1543.78 275 6194 204 0 6100 0
5040 1509.6 1314 34081 1244 144 29303 4484
5048 1543.78 2 22617 6 0 11888 10694
5040 1509.6 1203 10733 1124 171 4955 5544
5048 1543.78 648 7731 412 0 4743 2812
5040 1509.6 610 11264 432 206 7116 4709
5048 1543.78 470 20361 12 407 10404 9382
5040 1509.6 317 13951 277 0 7215 6107
5048 1543.78 76 12479 148 0 6952 5059
5040 1509.6 92 16246 53 0 10225 5435
5048 1543.78 687 20882 330 0 18765 2477
5040 1509.6 599 17740 246 317 12922 3696
5048 1543.78 686 10689 656 0 6336 4241
5040 1509.6 1309 11708 1259 0 3521 8563
5048 1543.78 332 9070 242 138 5334 3706
5040 1509.6 368 6899 404 0 6357 0
5048 1543.78 1174 34037 730 396 15639 18126
5040 1509.6 684 26033 592 172 17925 7645
5048 1543.78 282 19709 226 0 14392 4506
5040 1509.6 -16 7248 19 0 7304 0
5048 1543.78 -25 12093 22 0 6013 6226
5040 1509.6 552 29590 343 255 18526 9963
5048 1543.78 1836 9794 1871 0 9781 0
5040 1509.6 741 19478 658 0 14172 5657
5048 1543.78 429 5869 447 0 5827 0
5040 1509.6 463 22896 337 102 5999 16331
5048 1543.78 726 6002 729 0 6239 0
5040 1509.6 2240 23068 1491 816 8638 13326
5048 1543.78 865 15204 738 140 6831 8341
5040 1509.6 337 15804 185 169 7969 7663
5048 1543.78 803 6361 685 178 4969 765
5040 1509.6 2359 17844 2279 0 12658 4653
5048 1543.78 79 14177 146 0 14607 0
5040 1509.6 466 11204 483 0 7439 3375
5048 1543.78 507 37518 283 292 10048 27480
5040 1509.6 326 14190 348 0 8035 6260
5048 1543.78 535 18309 551 0 11468 5769
5040 1509.6 260 11488 276 0 7064 4286
5048 1543.78 765 17966 139 586 8516 9215
5040 1509.6 436 10065 413 0 5257 4520
5048 1543.78 600 13484 0 549 5150 8404
5040 1509.6 228 10295 187 0 6199 3803
5048 1543.78 483 10125 486 0 6909 3432
5040 1509.6 330 6953 196 143 3765 2974
5048 1543.78 319 9035 318 0 5042 3833
5040 1509.6 27 4063 0 0 3845 0
5048 1543.78 278 8159 5 245 7385 598
5040 1509.6 424 6901 408 0 5742 886
5048 1543.78 974 11763 0 320 6721 4814
5040 1509.6 261 25425 291 0 20836 3989
5048 1543.78 2726 42134 1693 910 22381 18857
5040 1509.6 1046 25813 776 208 14683 10686
5048 1543.78 697 10517 362 281 3249 6716
5040 1509.6 833 16081 652 167 4294 11249
5048 1543.78 1235 9486 425 687 1959 7968
5040 1509.6 856 14129 860 0 6767 6618
5048 1543.78 117 7884 75 0 7712 0
5040 1509.6 359 27057 429 0 9592 16653
5048 1543.78 423 13414 408 0 8740 4752
