#station_id r_mc scin_hg_tot_sig wcd_hg_tot_sig scin_hg_em_sig scin_hg_mu_sig wcd_hg_em_sig wcd_hg_mu_sig
5040 823.211 2783 43238 2832 164 19899 23731
5048 796.626 1342 38917 1069 186 15009 23449
5040 823.211 966 45963 953 0 29332 17732
5048 796.626 1529 63965 1318 300 33277 29863
5040 823.211 1895 73721 1047 884 37591 35493
5048 796.626 1918 78202 1206 689 48436 30733
5040 823.211 935 50657 306 563 27642 21212
5048 796.626 3076 67796 1602 1001 35936 31443
5040 823.211 778 43470 197 600 17287 25761
5048 796.626 1876 104553 884 1039 30467 74892
5040 823.211 2228 60782 1506 629 36367 22111
5048 796.626 1599 83638 781 781 21440 60902
5040 823.211 45 40838 4 0 19810 20934
5048 796.626 165 49427 129 0 17019 31917
5040 823.211 899 24523 461 398 12014 12016
5048 796.626 2312 57641 956 1347 31852 27219
5040 823.211 2180 53022 509 1649 22667 31507
5048 796.626 569 98947 623 0 22237 75613
5040 823.211 1487 76254 1483 0 28027 46069
5048 796.626 3262 54721 2791 500 32228 21555
5040 823.211 1676 52780 866 708 22803 31019
5048 796.626 1572 76989 1047 535 27209 49342
5040 823.211 789 56728 531 269 21297 35685
5048 796.626 2311 49619 1487 876 22734 25395
5040 823.211 1168 59339 520 654 24560 34877
5048 796.626 3117 66358 1907 1200 23020 42565
5040 823.211 1503 38693 790 678 23734 15853
5048 796.626 1135 24700 1067 0 24420 174
5040 823.211 1476 62593 1540 0 36890 24912
5048 796.626 2898 53711 2593 312 31940 21538
5040 823.211 0 38482 0 0 16234 22255
5048 796.626 2784 60883 1193 98 30694 28967
5040 823.211 979 49836 440 412 27237 22218
5048 796.626 1643 73275 1254 395 29673 44166
5040 823.211 2181 44838 1112 1011 15754 27034
5048 796.626 2030 60729 1117 928 34009 26880
5040 823.211 1159 43021 627 534 21003 20529
5048 796.626 513 73598 547 0 39803 34741
5040 823.211 2928 30846 2160 798 12862 18189
5048 796.626 2111 93268 525 1576 26136 67800
5040 823.211 778 65218 438 300 29268 36653
5048 796.626 2381 99321 221 1450 39314 59855
5040 823.211 1035 41544 524 484 20508 22392
5048 796.626 2682 46674 2404 222 29648 16844
5040 823.211 1601 60094 553 917 20978 39256
5048 796.626 1284 95657 216 975 25010 70115
5040 823.211 1147 40337 612 496 25280 13516
5048 796.626 560 76848 191 337 39386 38325
5040 823.211 650 82751 291 258 33831 49205
5048 796.626 1169 68050 1011 145 25220 42071
5040 823.211 1494 56360 825 575 26964 29351
5048 796.626 4254 69674 1342 392 35408 33819
5040 823.211 2787 69980 1253 1533 20438 49666
5048 796.626 1846 56571 480 1369 35447 20437
5040 823.211 1018 62363 1009 0 31589 30301
5048 796.626 3705 78346 1875 1714 34875 42082
5040 823.211 1996 43320 1590 274 33697 9080
5048 796.626 2511 33342 2366 201 31212 2402
5040 823.211 2399 66217 2064 249 31495 34280
5048 796.626 942 56745 597 383 31278 25455
5040 823.211 2828 35779 1523 1239 30081 6302
5048 796.626 1135 61270 299 891 29059 33467
5040 823.211 1685 35478 1338 448 15846 18822
5048 796.626 1008 66509 887 149 20409 44972
5040 823.211 1508 47674 1273 219 18898 28137
5048 796.626 1501 50624 1114 316 32579 18198
5040 823.211 904 59113 200 578 30748 28487
5048 796.626 1800 56631 1267 476 27627 28215
5040 823.211 669 81023 76 686 19975 60695
5048 796.626 1165 31476 834 253 13975 16955
5040 823.211 806 58831 514 225 21252 37198
5048 796.626 2877 88442 2738 259 27729 60444
5040 823.211 3084 41188 2803 224 21287 19947
5048 796.626 864 57299 722 182 22899 35094
5040 823.211 1288 58667 299 987 21419 36210
5048 796.626 2113 74437 1723 390 24340 47714
5040 823.211 2700 87374 2105 770 34509 51595
5048 796.626 3184 82640 2150 1125 42122 40920
5040 823.211 1824 85085 705 979 24501 62326
5048 796.626 2489 63157 1795 8 29642 33297
5040 823.211 3187 65840 2293 478 23371 40353
5048 796.626 714 56906 440 256 27190 27549
5040 823.211 385 48481 91 196 20622 27321
5048 796.626 742 75247 519 165 28776 46062
5040 823.211 3925 50561 2803 1030 32484 16723
5048 796.626 2354 72002 1676 0 33783 37447
5040 823.211 1035 68584 1037 7 22839 44552
5048 796.626 1438 58339 603 777 23928 33716
5040 823.211 1981 59383 1202 648 33873 25118
5048 796.626 1011 57156 355 569 31816 25263
5040 823.211 599 87693 321 325 37395 49829
5048 796.626 1450 76668 508 876 20160 57245
5040 823.211 1883 19195 1633 167 14891 3732
5048 796.626 3903 95729 2921 938 39484 56056
5040 823.211 541 63663 598 0 25997 38395
5048 796.626 1630 74368 1163 378 16964 56574
5040 823.211 916 55588 273 507 25080 30578
5048 796.626 1976 77610 1632 267 37887 38806
5040 823.211 1585 38764 1569 0 22187 14890
5048 796.626 1607 92298 1122 590 45490 46934
5048 796.626 1868 50565 1290 539 21460 27670
5040 823.211 664 56816 378 239 22185 35584
5040 823.211 3396 54524 1307 2045 26478 27498
5048 796.626 2311 53109 1786 0 34076 18052
5040 823.211 3277 44030 1392 628 32325 11989
5048 796.626 1403 75332 758 538 36263 39067
5040 823.211 1303 35273 66 1146 17217 18107
5048 796.626 200 48198 257 0 17431 29863
5040 823.211 1277 42102 258 970 22825 18818
5048 796.626 2450 56766 1546 852 16337 39683
5040 823.211 1304 55024 1301 0 39705 14450
5048 796.626 5836 89832 3479 1831 31638 58022
5040 823.211 2158 52193 2079 143 20506 31728
5048 796.626 2116 46317 1959 312 24682 20990
5040 823.211 526 53472 446 0 26899 26090
5048 796.626 3003 62203 1945 1105 29333 31633
5040 823.211 1903 39375 986 850 27895 10021
5048 796.626 3447 62830 2680 414 31120 30956
5040 823.211 265 66049 59 178 23729 41689
5048 796.626 716 77382 455 270 23186 54328
5048 796.626 141 59349 99 0 27885 31383
5040 823.211 1730 54153 1161 585 32059 21143
5040 823.211 1211 48875 612 519 22043 27500
5048 796.626 1927 65356 1163 627 38682 26890
5040 823.211 2056 45613 1263 731 27571 17250
5048 796.626 450 44534 294 191 30545 13925
5040 823.211 2312 81754 1194 1007 25656 56053
5048 796.626 1163 59258 1164 0 30366 27988
5040 823.211 2899 36354 2030 843 24527 11399
5048 796.626 1651 66790 1596 0 26480 40600
5040 823.211 1232 88455 412 752 31966 56397
5048 796.626 2273 68227 1349 923 34200 34592
5040 823.211 1598 55010 1219 358 28586 25817
5048 796.626 872 75268 373 453 33097 42047
5048 796.626 3582 55852 2323 1271 29938 25937
5040 823.211 1293 62503 999 302 33358 27316
5040 823.211 1450 44419 1280 133 20626 22784
5048 796.626 1704 83607 1028 627 29850 53029
5040 823.211 2751 57502 2354 472 31897 24070
5048 796.626 2833 43179 2787 0 17832 24946
5040 823.211 2185 61434 1414 611 30706 30391
5048 796.626 3021 105387 2056 930 44759 62062
5040 823.211 1398 44922 701 634 33590 11055
5048 796.626 1098 82528 542 590 60738 22216
5040 823.211 1461 61884 466 931 30467 31509
5048 796.626 1983 57474 664 1363 30833 25898
5040 823.211 1264 21039 789 430 16404 3776
5048 796.626 2596 73208 1551 898 42697 28435
5040 823.211 1759 38166 1027 689 21799 16324
5048 796.626 2150 65130 1617 565 29478 35277
5040 823.211 193 41309 163 0 27649 14428
5048 796.626 3511 65015 1997 1644 37835 27001
5040 823.211 1544 70460 1504 0 20855 48962
5048 796.626 782 41056 709 0 22458 18198
5040 823.211 896 62210 419 446 29559 31175
5048 796.626 3271 80712 1644 1433 30203 50093
5040 823.211 2632 65605 2189 454 24423 41457
5048 796.626 1448 59547 1034 394 32135 29532
5040 823.211 3658 81262 2836 954 48921 30699
5048 796.626 4401 62187 3254 1090 39185 21615
5040 823.211 2477 55081 2038 483 27962 26219
5048 796.626 2607 49118 1101 1480 21748 26827
5040 823.211 3215 65041 2741 601 35149 29555
5048 796.626 1227 53956 1298 0 30528 22848
5040 823.211 1522 41601 1243 237 19139 23533
5048 796.626 1967 56228 1654 256 34959 20933
5040 823.211 1178 38216 749 399 16727 20822
5048 796.626 2251 37248 1964 260 27755 8956
5040 823.211 1897 69839 950 873 29911 39273
5048 796.626 1802 78105 1608 168 39071 38931
5040 823.211 1536 51569 1305 213 31307 20183
5048 796.626 2350 61961 1841 605 33145 28581
5040 823.211 1053 58322 840 213 19122 38521
5048 796.626 883 44925 340 406 21246 23888
5040 823.211 1639 27177 1488 229 20370 5338
5048 796.626 1983 65841 1904 0 22726 41154
5040 823.211 2099 41579 953 1092 16277 24513
5048 796.626 983 57566 585 271 23947 32881
5040 823.211 1831 41580 935 169 21654 19419
5048 796.626 1990 34139 1899 0 23471 12232
5040 823.211 2485 54845 2590 0 28651 24660
5048 796.626 734 49628 505 228 31367 15920
5040 823.211 1755 82575 1520 243 49710 35474
5048 796.626 1487 70327 1035 456 37772 32674
5040 823.211 669 45050 733 0 24982 18398
5048 796.626 1440 61837 1018 387 26584 35517
5040 823.211 1019 73968 754 209 17574 57776
5048 796.626 2733 87203 1485 1282 45374 40505
5040 823.211 965 55473 319 610 16172 39452
5048 796.626 991 32509 679 194 18016 15293
#station_id r_mc scin_hg_tot_sig wcd_hg_tot_sig scin_hg_em_sig scin_hg_mu_sig wcd_hg_em_sig wcd_hg_mu_sig
5040 823.211 243 77826 257 0 33494 44531
5048 796.626 2051 60665 1237 843 32454 27593
5040 823.211 313 61405 267 0 28307 33371
5048 796.626 979 85396 599 306 33029 52364
5040 823.211 1643 88987 1731 0 41854 46859
5048 796.626 15099 114557 963 12117 40990 73466
5040 823.211 4372 57493 3619 830 20522 36529
5048 796.626 1269 55123 1278 0 26514 27314
5040 823.211 1080 64631 490 201 22869 40850
5048 796.626 2091 56712 1363 740 31116 26629
5040 823.211 2184 37683 1270 838 11011 25509
5048 796.626 2942 83720 2612 187 37260 45685
5040 823.211 2436 68391 817 1529 30999 36775
5048 796.626 869 54680 639 174 28201 25834
5040 823.211 2372 44781 2077 240 19532 23909
5048 796.626 1211 51119 351 826 19700 31841
5040 823.211 2734 56851 1693 467 22463 34165
5048 796.626 2075 68483 1383 741 27318 40182
5040 823.211 809 39914 270 519 15647 25155
5048 796.626 772 42984 293 489 26911 16711
5040 823.211 1139 75002 718 302 24845 50090
5048 796.626 1695 57928 1429 294 36159 22066
5040 823.211 570 49703 95 434 13503 35646
5048 796.626 930 74069 671 163 20718 53965
5040 823.211 2897 27518 1911 940 19856 7758
5048 796.626 1612 66858 774 737 25186 41807
5040 823.211 931 54978 515 296 12189 43275
5048 796.626 2536 43788 2267 197 19828 22722
5040 823.211 2010 46100 1572 339 22876 21913
5048 796.626 3161 66327 2418 814 38651 27360
5040 823.211 1293 101259 571 744 46822 54906
5048 796.626 2965 55978 1422 960 17486 37421
5040 823.211 744 50923 507 190 21144 30489
5048 796.626 1097 45026 370 0 31992 12838
5040 823.211 165 45416 6 165 22611 22072
5048 796.626 1122 52146 795 310 11513 40367
5040 823.211 1256 52095 397 808 26428 23879
5048 796.626 3424 65132 2544 729 31496 33330
5040 823.211 887 78565 461 395 26989 51647
5048 796.626 2297 57808 1150 1036 33916 22837
5040 823.211 1392 53816 659 633 34088 19513
5048 796.626 1155 95155 814 328 40434 52973
5040 823.211 909 46048 929 0 23926 23080
5048 796.626 2527 61655 1971 561 30086 31717
5040 823.211 1659 65631 1744 0 13081 51850
5048 796.626 2139 52184 1551 452 23640 27290
5040 823.211 625 36107 234 424 28338 7562
5048 796.626 1538 46454 1269 263 22249 22806
5040 823.211 2058 55936 1263 805 17860 36689
5048 796.626 2595 54589 1227 1437 30008 25636
5040 823.211 2605 67568 1509 1055 25559 42792
5048 796.626 953 46980 261 695 20449 25200
5040 823.211 1832 31217 1571 190 17887 13411
5048 796.626 1672 72298 1071 568 27161 44993
5040 823.211 4443 43691 4039 314 29242 13339
5048 796.626 2330 88301 1135 1142 34236 53824
5040 823.211 2513 70819 1802 724 38755 30149
5048 796.626 3094 58585 2116 1028 34642 24187
5040 823.211 2475 54171 1912 503 25472 27675
5048 796.626 1016 42590 752 275 34957 7075
5040 823.211 725 79633 321 319 26823 52847
5048 796.626 3204 83436 2646 597 23019 60459
5040 823.211 2017 47607 1647 455 17216 28322
5048 796.626 1902 45748 957 788 17249 27900
5040 823.211 1475 55363 1305 0 28600 26846
5048 796.626 1124 57693 801 351 38843 18205
5040 823.211 1050 50563 1113 0 18041 31024
5048 796.626 1332 66973 1073 273 33545 34286
5040 823.211 1073 55155 275 743 29019 23836
5048 796.626 798 91122 376 340 39767 51532
5040 823.211 5288 29028 1076 383 18643 9612
5048 796.626 1811 43351 831 909 17781 24367
5040 823.211 1215 51773 237 920 38889 13508
5048 796.626 2034 61118 1905 0 40907 19145
5040 823.211 1302 48727 780 578 23053 26545
5048 796.626 2076 49424 1410 637 27006 22009
5040 823.211 1156 67877 608 309 29615 38633
5048 796.626 993 58819 276 267 21523 37211
5040 823.211 1580 46454 1010 546 23581 23215
5048 796.626 297 40802 80 0 25494 15596
5040 823.211 1388 54350 1105 406 29377 25784
5048 796.626 2045 61608 872 1216 32792 27949
5040 823.211 948 59611 692 320 22723 35142
5048 796.626 2118 74214 1302 789 23421 49862
5040 823.211 2036 55882 1387 643 27098 27996
5048 796.626 3355 48151 2364 871 30857 17217
5040 823.211 591 53708 593 0 43384 11397
5048 796.626 2166 67736 1250 890 41739 26664
5040 823.211 2494 40740 2131 353 28362 12952
5048 796.626 3393 31813 3021 308 23291 7512
5040 823.211 5094 79483 4300 757 34903 44850
5048 796.626 4180 112533 2738 1410 55757 56010
5040 823.211 1104 25728 1008 0 15567 9093
5048 796.626 620 38191 285 253 18746 19117
5040 823.211 1692 61885 1165 548 25402 35536
5048 796.626 540 63814 508 0 32957 31104
5040 823.211 2245 49760 1268 945 19494 29992
5048 796.626 594 43851 583 0 23426 21306
5040 823.211 1122 70060 806 233 34113 36398
5048 796.626 1246 54384 814 481 23474 30587
5040 823.211 1567 54013 872 574 30782 23717
5048 796.626 4245 69269 2638 1578 25879 44402
5040 823.211 1272 58797 853 407 29852 29197
5048 796.626 323 31654 268 0 21485 9754
5040 823.211 1737 63401 1564 240 20251 42076
5048 796.626 1166 37965 1122 0 28503 10529
5040 823.211 1008 64878 1062 0 32744 30884
5048 796.626 740 59152 375 342 35762 22787
5040 823.211 1849 35932 818 949 24117 12950
5048 796.626 949 45587 955 0 39589 5248
5040 823.211 880 56477 846 0 35649 20499
5048 796.626 2491 74876 1337 1109 24271 49230
5040 823.211 1530 35090 948 527 29490 6302
5048 796.626 883 38897 493 303 21519 17982
5040 823.211 928 61117 577 320 34708 26322
5048 796.626 1348 64673 1417 0 43062 20887
5040 823.211 3014 66847 1917 864 24137 43905
5048 796.626 1605 61368 981 586 22549 39713
5040 823.211 1473 40680 505 1093 18291 23180
5048 796.626 1082 62783 428 572 28555 34696
5040 823.211 1675 66413 1390 330 37462 29827
5048 796.626 2117 87240 1499 577 40074 47777
5040 823.211 3450 37936 965 2516 24867 12960
5048 796.626 2510 53605 1348 879 22959 30810
5040 823.211 622 71891 655 0 50049 21481
5048 796.626 2798 76585 2817 0 47957 29192
5040 823.211 1507 45558 1433 11 21584 24389
5048 796.626 3961 56968 2775 1119 35853 19662
5040 823.211 1201 42487 1138 255 24880 17446
5048 796.626 1263 66043 780 440 30572 34624
5040 823.211 1164 44087 549 539 13906 28556
5048 796.626 996 37406 816 212 20544 16645
5048 796.626 1789 81221 1011 855 41126 38699
5040 823.211 1904 35327 654 1262 17455 16560
5040 823.211 1718 42010 1593 257 23134 17194
5048 796.626 3581 31107 1626 1966 30399 476
5040 823.211 1024 45502 1038 0 26964 18611
5048 796.626 1521 66434 1103 404 31126 35246
5040 823.211 1941 45251 1621 346 20788 22630
5048 796.626 1585 56441 1616 0 24220 32012
5040 823.211 1247 63120 1254 0 21472 41405
5048 796.626 683 91383 639 0 37681 52950
5040 823.211 4367 60084 3960 495 22627 37215
5048 796.626 1888 85096 1599 281 37701 46113
5040 823.211 2401 46077 2151 171 34210 10842
5048 796.626 1213 57639 956 182 32902 24586
5040 823.211 549 50436 17 510 29024 21885
5048 796.626 2127 59305 1041 996 28713 30127
5040 823.211 1917 56634 1725 208 28086 26900
5048 796.626 2595 51658 2687 0 32491 18221
5040 823.211 1361 52045 1043 322 21636 29613
5048 796.626 2124 61384 1116 1013 25732 35265
5040 823.211 1205 35417 1286 0 29643 4864
5048 796.626 492 56434 464 0 20922 34241
5040 823.211 2554 42942 1994 570 16836 28273
5048 796.626 1173 53181 930 284 23384 28100
5040 823.211 2335 43287 2076 208 25518 17473
5048 796.626 2938 49061 2219 764 26232 22798
5040 823.211 1971 72345 1386 509 30910 43707
5048 796.626 2974 68172 2484 465 39888 27397
5048 796.626 2217 65895 2068 191 30809 35889
5040 823.211 1385 49937 845 430 23072 25246
5040 823.211 2336 50627 1738 380 23938 24425
5048 796.626 1949 66332 1444 449 20105 46199
5040 823.211 1171 68954 834 244 36198 32734
5048 796.626 2468 55330 2004 392 31768 23727
5040 823.211 1318 58007 462 810 24353 32777
5048 796.626 1439 87066 427 972 34531 53204
5040 823.211 1608 69293 927 677 26787 41501
5048 796.626 3152 46490 2512 507 32069 15109
5040 823.211 1238 62169 416 894 25685 34254
5048 796.626 1105 42858 774 292 31598 10906
5040 823.211 3706 40741 3317 258 20475 19922
5048 796.626 2363 59288 2279 0 45180 13119
5040 823.211 1263 41918 846 433 29201 11499
5048 796.626 2749 62144 800 569 24827 36729
5040 823.211 1965 50402 1659 287 20603 31076
5048 796.626 485 66566 177 252 26067 40533
5040 823.211 1795 85037 682 1101 27149 57629
5048 796.626 959 86511 933 0 23740 63178
5040 823.211 1084 32409 206 836 18451 14045
5048 796.626 1428 52284 1388 0 28053 23309
5040 823.211 691 59175 385 293 17241 41757
5048 796.626 2693 64506 2035 661 17596 47211
5040 823.211 684 46626 370 329 32239 14845
5048 796.626 1195 59372 909 318 34010 25764
5040 823.211 2018 49310 1674 305 33399 15133
5048 796.626 1864 49069 593 1270 21863 27420
5040 823.211 1768 61677 1058 626 20654 40982
5048 796.626 1588 38265 748 782 15015 22159
5040 823.211 3211 73960 2531 557 36224 38106
5048 796.626 2604 47811 1954 511 20501 25876
5040 823.211 1299 50157 1279 0 24107 25627
5048 796.626 1429 84119 972 424 31739 52446
5040 823.211 2970 71958 2153 841 23834 49355
5048 796.626 1381 40098 1031 267 24036 16137
5040 823.211 177 36054 121 0 19023 16908
5048 796.626 332 52915 10 268 18799 34523
5040 823.211 2083 57485 1311 898 19651 38242
5048 796.626 1936 42496 1020 905 41625 432
5040 823.211 1945 69941 1212 753 26999 41916
5048 796.626 1023 44691 961 0 23525 21303
5040 823.211 3235 70528 1508 646 36476 34483
5048 796.626 3254 62078 1135 430 24689 38498
5040 823.211 4216 74062 694 2579 28268 44638
5048 796.626 1053 30446 655 406 28553 1953
5040 823.211 1284 32112 1256 0 18713 13184
5048 796.626 541 68523 383 170 31832 35847
5040 823.211 885 36379 622 290 13537 21987
5048 796.626 1717 90571 887 778 42479 47245
5040 823.211 726 52134 467 250 21268 30958
5048 796.626 1392 48220 592 659 21018 27132
5040 823.211 925 33119 26 889 9840 21441
5048 796.626 2735 50454 2208 531 20113 28971
5040 823.211 3432 83892 1972 1499 32391 50099
5048 796.626 1682 62309 894 845 38001 24514
5040 823.211 593 48581 5 161 17227 30907
5048 796.626 1605 61686 595 535 19911 42794
5040 823.211 653 51070 362 219 26328 25026
5048 796.626 1321 49956 244 920 19574 29377
#station_id r_mc scin_hg_tot_sig wcd_hg_tot_sig scin_hg_em_sig scin_hg_mu_sig wcd_hg_em_sig wcd_hg_mu_sig
5040 823.211 349 42661 36 304 11575 30283
5048 796.626 1609 75577 978 212 35869 38542
5040 823.211 1770 61137 1791 0 28748 32577
5048 796.626 3385 65054 2674 703 29819 35684
5040 823.211 1294 30182 1178 182 23635 6385
5048 796.626 1111 50622 644 386 17272 33050
5040 823.211 1008 39425 762 204 19243 18516
5048 796.626 1214 55850 794 466 31321 22998
5040 823.211 2535 77515 1480 1042 24122 55237
5048 796.626 2729 110098 1577 1181 40823 70125
5040 823.211 3767 76377 2558 1012 28410 48311
5048 796.626 167 65727 10 179 23931 42082
5040 823.211 2081 33638 1903 226 18947 13048
5048 796.626 1901 68398 1583 183 28617 40078
5040 823.211 1010 46220 765 178 27150 17326
5048 796.626 2411 85447 1306 1099 27633 57702
5040 823.211 503 75720 516 0 44515 30875
5048 796.626 521 33901 553 0 24839 9475
5040 823.211 766 62287 706 0 27794 34873
5048 796.626 854 73407 238 612 27927 45782
5040 823.211 1908 46495 1418 504 16344 30055
5048 796.626 1401 47810 859 547 18495 28471
5040 823.211 1392 38347 1461 0 20576 18043
5048 796.626 1109 52209 384 713 22705 29554
5040 823.211 1874 84308 1671 198 41866 43249
5048 796.626 2510 59527 1675 816 38434 20356
5040 823.211 1613 54233 702 567 28041 25643
5048 796.626 2121 59150 1959 157 40557 16742
5040 823.211 1836 37904 1092 683 18909 19736
5048 796.626 2256 55021 1827 370 23788 30131
5040 823.211 605 55819 428 183 19792 36754
5048 796.626 226 95792 231 0 20455 73692
5040 823.211 4201 67680 2100 1262 30139 38377
5048 796.626 2416 56047 1434 937 32580 24138
5040 823.211 2581 72047 1475 1148 35016 36777
5048 796.626 2162 76356 845 1052 29885 46939
5040 823.211 539 57637 262 278 25367 32672
5048 796.626 2554 81167 2236 289 35185 45696
5040 823.211 1863 44181 1634 255 18495 25717
5048 796.626 1870 60621 1600 305 24753 34717
5040 823.211 2580 67878 1781 702 29573 38492
5048 796.626 2156 78755 2119 0 35176 45137
5040 823.211 1203 67352 681 569 36610 31222
5048 796.626 3051 76870 2769 197 32110 43074
5040 823.211 509 86226 35 381 15719 70074
5048 796.626 2566 65003 1504 870 38488 25579
5040 823.211 1007 65519 598 435 24280 41647
5048 796.626 2540 76500 2158 462 40777 34898
5040 823.211 1511 24375 1472 0 18366 4909
5048 796.626 3742 55253 3438 197 29055 26382
5040 823.211 791 43687 771 0 30056 14097
5048 796.626 686 40452 459 232 23740 15371
5040 823.211 540 36440 0 491 21468 13404
5048 796.626 753 53069 479 211 22891 30187
5040 823.211 1601 37853 343 1136 21979 15646
5048 796.626 2283 49806 1468 697 25991 23932
5040 823.211 1696 67386 1802 0 49257 17003
5048 796.626 348 80907 355 0 52551 27275
5040 823.211 1527 62258 646 854 33729 27387
5048 796.626 319 59084 218 0 32205 26961
5040 823.211 966 56381 1016 0 35368 21033
5048 796.626 3912 59147 2388 1520 17283 41335
5040 823.211 2316 61554 552 1654 33027 25956
5048 796.626 1807 84367 787 1022 26659 58647
5040 823.211 211 49914 276 0 25235 24538
5048 796.626 1600 57230 1576 0 35042 21603
5040 823.211 3481 35040 1541 1472 20465 15340
5048 796.626 1087 60899 798 196 22619 36799
5040 823.211 469 51607 468 1 31791 19225
5048 796.626 3288 36786 692 1319 26932 9023
5040 823.211 1232 56245 867 347 22929 32950
5048 796.626 5133 64309 363 1863 15172 48854
5040 823.211 1976 98759 511 184 26737 72155
5048 796.626 2532 56275 1715 809 18892 37951
5040 823.211 582 41946 628 0 23198 19047
5048 796.626 1110 90084 1171 0 29097 61200
5040 823.211 1441 56263 1192 219 34816 22428
5048 796.626 2277 67690 2026 238 33418 32826
5040 823.211 1279 59724 680 540 28818 31355
5048 796.626 872 50575 556 356 26713 23347
5040 823.211 2180 50221 1505 536 28154 20872
5048 796.626 1363 60977 686 671 32266 28179
5040 823.211 1627 57276 1468 197 24597 31914
5048 796.626 3577 74366 2461 1165 25694 49472
5040 823.211 1848 38208 1198 679 28217 10266
5048 796.626 2195 76720 1599 400 24051 52560
5040 823.211 609 62241 352 231 25647 36993
5048 796.626 2184 68104 1651 376 43085 24633
5040 823.211 1308 53686 1093 243 14594 40586
5048 796.626 3488 51070 979 2098 21071 30720
5040 823.211 1363 56708 1052 417 25418 31469
5048 796.626 3881 99642 2656 1256 32616 67257
5040 823.211 1243 43139 923 329 21723 20860
5048 796.626 2213 69212 933 1183 33874 34734
5040 823.211 650 59943 645 0 28581 32064
5048 796.626 1636 71862 1014 493 18583 51682
5040 823.211 1096 54908 309 779 14341 40681
5048 796.626 1421 58783 707 620 16327 41627
5040 823.211 5237 63555 4099 739 32120 30622
5048 796.626 1725 57281 1145 577 35621 21745
5040 823.211 1602 39577 1038 532 15667 24076
5048 796.626 1180 48216 933 187 22656 25033
5040 823.211 1872 91401 1163 678 26252 62838
5048 796.626 4259 67377 3432 862 26626 39526
5040 823.211 427 64967 357 0 37434 25007
5048 796.626 1064 70115 337 353 30322 39137
5040 823.211 1386 60526 908 363 28608 31388
5048 796.626 1833 65185 747 1085 29735 34407
5040 823.211 1027 60981 268 727 23204 36650
5048 796.626 1144 69213 697 347 44506 24647
5040 823.211 568 68859 89 492 18312 51041
5048 796.626 226 93548 250 0 35165 57285
5040 823.211 2104 84205 375 1788 38001 47910
5048 796.626 985 47086 247 669 26297 19651
5040 823.211 1459 38560 559 0 17153 20623
5048 796.626 1996 56283 1915 0 28333 28949
5040 823.211 1007 50576 309 604 18538 31619
5048 796.626 1507 46710 934 562 16618 29512
5040 823.211 2046 44947 1859 141 19811 23852
5048 796.626 1655 85971 1136 536 47436 40515
5040 823.211 415 68423 0 408 18647 48273
5048 796.626 1493 49887 93 1348 20710 28416
5040 823.211 1835 51906 995 817 21531 30525
5048 796.626 1149 56430 1087 0 22913 32822
5040 823.211 1706 38336 1061 664 18953 19594
5048 796.626 1347 51914 1019 205 40861 11804
5040 823.211 1273 49052 1185 0 25396 23207
5048 796.626 4679 78640 3296 1344 31551 47543
5040 823.211 3854 38973 931 283 19057 19880
5048 796.626 2357 53279 1734 645 20126 32489
5040 823.211 2105 48569 1464 649 22578 26569
5048 796.626 1615 69163 513 1012 31960 37788
5040 823.211 1010 84000 536 504 49425 36324
5048 796.626 1287 55707 1250 0 33013 23692
5040 823.211 1050 56278 572 513 22003 34587
5048 796.626 1445 61644 905 370 28595 31697
5040 823.211 2080 64140 1426 755 39660 25357
5048 796.626 1992 49844 1215 753 25950 24303
5040 823.211 1159 60100 564 445 26529 33168
5048 796.626 1940 35612 1949 0 23910 11259
5040 823.211 709 54749 392 291 13960 38895
5048 796.626 2329 70549 941 1458 25310 43141
5040 823.211 1279 29295 1006 228 17586 10830
5048 796.626 629 56567 305 313 23546 32487
5040 823.211 1451 75531 706 653 25154 47859
5048 796.626 2423 63232 2106 191 30208 32718
5040 823.211 1132 62176 746 402 26197 37218
5048 796.626 1267 81072 934 315 32796 47519
5040 823.211 1684 55481 293 1284 20215 36171
5048 796.626 1523 47175 1213 300 25894 21101
5048 796.626 1369 92587 53 795 29444 63288
5040 823.211 1387 65856 647 814 21232 44876
5040 823.211 1916 64433 210 1793 36410 27157
5048 796.626 1752 60760 827 873 24487 35873
5040 823.211 1750 35444 1165 434 19668 14734
5048 796.626 1834 55114 957 840 33519 20040
5040 823.211 2814 62966 2019 897 26702 36460
5048 796.626 1825 44381 1113 729 18605 24934
5040 823.211 1910 28872 631 686 22519 6754
5048 796.626 3483 64598 3091 315 32917 31123
5040 823.211 427 66105 446 0 26182 39403
5048 796.626 1276 63538 627 753 16857 45881
5040 823.211 1361 36296 895 0 26206 9037
5048 796.626 1505 76539 1302 188 35138 42195
5040 823.211 1116 53152 1163 0 21620 30534
5048 796.626 1346 37077 1008 213 21376 16604
5040 823.211 1943 78335 342 1520 15405 62178
5048 796.626 2599 63804 1152 1436 19575 42921
5040 823.211 3230 48489 3001 266 25436 22836
5048 796.626 1392 65930 1142 231 32408 33674
5040 823.211 367 60409 132 182 16821 43389
5048 796.626 2016 68036 1013 897 32209 33961
5040 823.211 1936 31818 1043 799 20689 10527
5048 796.626 996 71285 512 518 27170 43857
5040 823.211 1671 35521 1630 0 23707 11260
5048 796.626 1116 35229 849 303 16327 17751
5040 823.211 2280 47954 1776 474 22342 25935
5048 796.626 1846 58775 910 973 31425 25840
5040 823.211 917 36157 919 0 25779 9821
5048 796.626 1214 60470 983 196 18167 42183
5040 823.211 3351 110926 2072 903 38839 71483
5048 796.626 1536 58937 623 842 31540 26766
5040 823.211 1011 65480 673 259 32958 32809
5048 796.626 1259 57494 666 442 30806 24957
5040 823.211 792 73750 311 511 27010 44320
5048 796.626 855 108661 571 188 29548 79799
5040 823.211 2276 69327 1518 694 34766 35333
5048 796.626 1298 79350 480 518 37769 42294
5040 823.211 907 91817 424 0 45367 45541
5048 796.626 1619 39485 1080 600 23045 17807
5040 823.211 1411 41825 1359 0 29575 11579
5048 796.626 2352 53630 1706 587 34184 20434
5040 823.211 2121 97192 1554 488 31320 66072
5048 796.626 2070 57551 1742 242 32036 25176
5040 823.211 1094 75899 898 308 19834 56222
5048 796.626 1578 57975 746 710 33578 24949
5040 823.211 1610 52009 1327 138 14213 38032
5048 796.626 1479 42450 860 495 19635 21839
5040 823.211 1307 65408 1216 0 37486 28346
5048 796.626 1198 58175 1198 0 24358 33885
5040 823.211 845 40618 853 0 25203 14971
5048 796.626 1356 68060 792 458 41415 26064
5040 823.211 3284 20416 163 304 16930 4406
5048 796.626 1360 52224 1254 0 22572 28421
5040 823.211 866 73654 616 335 22407 51100
5048 796.626 864 53521 624 184 33257 18562
5040 823.211 926 59909 446 479 27866 30851
5048 796.626 1751 62656 1646 0 36145 25527
5040 823.211 554 34036 186 450 14472 18164
5048 796.626 1638 85883 1165 418 37586 47261
5040 823.211 3204 44526 2098 540 33300 9946
5048 796.626 2297 83126 1021 1160 36735 44191
5040 823.211 895 49594 384 454 26634 23390
5048 796.626 343 45948 346 0 21162 24701
5040 823.211 1385 52766 994 514 30258 23063
5048 796.626 1658 80405 1056 658 40594 40035
5040 823.211 1280 90035 644 654 58630 30518
5048 796.626 2869 91251 2903 0 51579 38798
5040 823.211 2162 57330 1159 953 35846 21828
5048 796.626 2618 69396 673 778 47727 23421
5040 823.211 1075 29510 735 270 23420 5463
5048 796.626 4883 80049 2994 304 33188 46623
5040 823.211 1543 80824 1636 0 29836 49163
5048 796.626 493 48501 456 0 19651 28732
#station_id r_mc scin_hg_tot_sig wcd_hg_tot_sig scin_hg_em_sig scin_hg_mu_sig wcd_hg_em_sig wcd_hg_mu_sig
5040 823.211 3385 65415 3275 0 37426 27234
5048 796.626 1889 43250 960 853 18123 24727
5040 823.211 1215 36650 949 236 23810 12784
5048 796.626 1259 42997 96 1196 25196 17724
5040 823.211 1699 70120 819 790 23540 45884
5048 796.626 1481 41330 313 1101 21160 19244
5040 823.211 1883 40240 1525 393 31432 9519
5048 796.626 1724 52943 1386 271 40438 12013
5040 823.211 1307 28540 662 580 9458 18676
5048 796.626 1281 70262 1138 164 34536 35217
5040 823.211 1605 43644 1004 604 27278 15134
5048 796.626 2977 84088 2100 922 31525 52992
5040 823.211 2810 49509 2789 0 28654 22206
5048 796.626 2507 91656 1396 1175 49484 41991
5040 823.211 2167 70781 1971 217 26262 44356
5048 796.626 1841 58735 1477 296 34715 24087
5040 823.211 300 56598 155 154 20170 36267
5048 796.626 4895 57558 2636 2224 16299 40319
5040 823.211 2581 53987 2088 477 31849 22025
5048 796.626 667 47230 435 203 25825 21022
5040 823.211 1438 37260 844 514 18989 17901
5048 796.626 1331 72793 764 591 31120 41411
5040 823.211 1601 72089 1162 432 25330 46317
5048 796.626 3137 82586 2595 337 26764 54059
5040 823.211 435 47729 433 0 31858 14914
5048 796.626 1455 47577 1197 259 35727 11424
5040 823.211 1251 60439 490 737 28579 31550
5048 796.626 3041 40642 1421 0 28291 12176
5040 823.211 2325 67190 1719 597 29393 37063
5048 796.626 2397 82070 1479 863 29087 51329
5040 823.211 1010 60758 415 581 23560 37388
5048 796.626 1755 50782 1149 298 22543 28801
5040 823.211 2511 56344 1875 701 27267 28212
5048 796.626 708 53049 716 0 21753 31189
5040 823.211 2982 37861 753 0 17108 20075
5048 796.626 2962 61690 2879 0 22854 39680
5040 823.211 846 53723 585 329 24224 29416
5048 796.626 4249 87545 2870 1097 31030 54685
5040 823.211 1538 44781 1287 188 16866 27604
5048 796.626 1472 40299 738 817 19937 20367
5040 823.211 2214 64207 1569 689 20195 44745
5048 796.626 1531 41081 328 1182 20179 19533
5040 823.211 732 43009 518 186 30715 12148
5048 796.626 1755 40036 958 849 24766 15014
5040 823.211 1147 66515 1104 0 42200 24111
5048 796.626 1298 36938 828 433 21346 14762
5040 823.211 686 43831 182 469 20172 23381
5048 796.626 1512 36249 750 727 16283 18858
5040 823.211 1452 37280 1060 308 13694 24591
5048 796.626 1725 50993 1191 479 26682 25557
5040 823.211 1021 78801 39 1047 18635 59862
5048 796.626 3628 75378 2255 477 19506 55458
5040 823.211 2551 64524 968 1162 29322 36503
5048 796.626 2478 67245 1344 1055 21306 45640
5040 823.211 3902 62983 2797 969 31090 33539
5048 796.626 2318 46221 410 1896 24700 21470
5040 823.211 1941 73505 1451 544 38906 34136
5048 796.626 1835 58434 1120 702 25766 32035
5048 796.626 879 67894 683 155 30021 38149
5040 823.211 626 71101 476 143 30632 41628
5040 823.211 1586 43259 1082 560 18831 23190
5048 796.626 1999 76659 1719 203 26817 48710
5040 823.211 2649 48666 651 1103 21617 25933
5048 796.626 1678 51860 692 980 25294 26241
5040 823.211 1849 54080 467 1371 27454 28295
5048 796.626 1366 65120 938 410 24379 39565
5040 823.211 1188 26593 883 235 23945 2958
5048 796.626 2813 60012 2308 508 35832 23970
5040 823.211 765 59989 187 582 25596 33674
5048 796.626 1337 51745 1088 237 34295 16384
5040 823.211 2657 48933 1099 1083 24135 24964
5048 796.626 2671 60941 1447 442 29323 31412
5040 823.211 1757 76654 631 1146 25244 53211
5048 796.626 2256 62784 2030 0 31627 30341
5040 823.211 2649 36913 1816 858 18990 18340
5048 796.626 430 29495 82 302 15264 13634
5040 823.211 1176 20303 201 919 18129 1554
5048 796.626 2168 68504 1663 506 25696 40375
5040 823.211 1276 39416 1078 202 22032 16012
5048 796.626 499 39855 507 0 29582 9366
5040 823.211 1683 44534 1039 516 22397 22448
5048 796.626 2639 65517 2443 222 34179 30698
5040 823.211 2032 70127 974 934 25300 44580
5048 796.626 1850 80612 1502 397 38036 41982
5040 823.211 3158 61507 1913 1414 35382 27988
5048 796.626 2261 51025 1242 935 27856 24365
5040 823.211 2287 35594 318 1951 12342 21559
5048 796.626 819 65702 741 0 16547 49410
5040 823.211 2950 49597 2701 230 23893 24401
5048 796.626 3650 88291 1937 1531 34986 53168
5040 823.211 1025 57589 367 541 35742 20987
5048 796.626 1014 45266 1092 0 19868 25787
5040 823.211 1539 59735 967 595 19307 38726
5048 796.626 1932 33714 902 950 20199 13192
5040 823.211 1054 53441 539 448 19799 32488
5048 796.626 2449 53933 2318 1 34079 19215
5040 823.211 710 48826 172 494 24462 23415
5048 796.626 1234 75297 675 671 38188 34781
5040 823.211 1663 51751 913 721 31111 19808
5048 796.626 3983 34903 2992 1053 21598 13947
5040 823.211 16 29708 18 0 16887 11667
5048 796.626 1373 51676 957 339 27495 25164
5040 823.211 835 67296 489 315 32575 34768
5048 796.626 1380 68292 419 1024 42513 25309
5040 823.211 2464 49253 2272 335 28102 20646
5048 796.626 3604 102054 2588 1023 40782 61202
5040 823.211 1471 48388 995 475 33946 14748
5048 796.626 2706 75036 2543 211 36763 37552
5040 823.211 2947 72271 1627 890 32731 40264
5048 796.626 3477 64193 1449 1771 42810 22010
5040 823.211 1903 54748 1235 648 27754 26416
5048 796.626 1143 82301 584 447 29431 54867
5040 823.211 2170 74419 1384 736 38946 35551
5048 796.626 992 43094 465 486 20306 21402
5040 823.211 1427 49388 1218 305 26836 22956
5048 796.626 3430 83346 2319 887 41675 40850
5040 823.211 460 44816 502 0 29165 15840
5048 796.626 2215 31378 1127 1031 22766 7287
5040 823.211 1381 51765 706 717 17559 34468
5048 796.626 2094 50011 1697 358 25719 24529
5040 823.211 2516 51653 2128 306 27840 22637
5048 796.626 1846 57737 1579 178 47357 10769
5040 823.211 1147 81421 361 824 21137 59512
5048 796.626 1575 104088 621 947 15576 88349
5040 823.211 606 75845 127 537 27081 49580
5048 796.626 2938 56690 1104 1867 25643 30845
5040 823.211 2531 69234 2230 259 56839 11290
5048 796.626 332 47489 327 0 35115 12421
5040 823.211 1438 63310 921 481 28839 34516
5048 796.626 1230 88325 113 1112 38623 49745
5040 823.211 1592 58830 310 1177 18576 38898
5048 796.626 2148 61224 1361 303 24749 36545
5040 823.211 1900 40533 755 1142 16174 24262
5048 796.626 2318 64468 85 1899 15461 47638
5040 823.211 556 58029 344 213 32411 25010
5048 796.626 1259 80176 803 488 39999 39868
5040 823.211 1460 47318 1436 0 29632 17302
5048 796.626 2757 64214 1529 1210 34060 29896
5040 823.211 2185 61750 1679 443 22422 39324
5048 796.626 3462 73164 3203 156 53445 19017
5040 823.211 1841 51333 702 560 13995 37014
5048 796.626 2141 63468 1885 258 35530 27900
5040 823.211 4928 60997 1366 1680 21158 39339
5048 796.626 1715 61091 967 654 29940 29930
5040 823.211 2879 37754 2465 453 37602 487
5048 796.626 1786 103901 1212 535 65172 38395
5040 823.211 2477 36199 2160 289 17870 18284
5048 796.626 1884 48763 1154 764 31945 14851
5040 823.211 707 48948 275 406 21846 28678
5048 796.626 1402 66317 935 469 22375 44403
5040 823.211 691 76902 259 328 37503 38303
5048 796.626 921 43202 807 257 24547 17681
5040 823.211 1215 40879 384 814 31787 9096
5048 796.626 2879 51362 2388 491 24670 26907
5040 823.211 1158 45095 1053 0 27952 15541
5048 796.626 621 57209 73 493 23325 32950
5040 823.211 1387 60188 874 458 21246 37898
5048 796.626 1651 44054 900 887 20343 23518
5040 823.211 1093 49170 1019 0 23035 25378
5048 796.626 2156 82021 1066 1111 51923 29481
5040 823.211 7712 48205 1317 1020 27363 20544
5048 796.626 2888 43816 2262 694 19828 24400
5040 823.211 2398 71209 1609 778 31784 38480
5048 796.626 1867 67060 1848 0 35370 29958
5040 823.211 624 66197 544 0 23919 41957
5048 796.626 497 39210 289 253 26673 12331
5040 823.211 892 39337 786 180 10651 29370
5048 796.626 1357 65999 169 1229 15148 50415
5040 823.211 1380 71124 1068 329 44504 25361
5048 796.626 1263 57456 560 687 21652 35306
5040 823.211 1377 47669 1418 0 26904 21064
5048 796.626 2210 47245 863 1275 17690 30486
5040 823.211 1244 88673 547 739 43707 45406
5048 796.626 3199 47617 3071 176 33820 15638
5040 823.211 1624 52951 655 969 21859 32386
5048 796.626 2347 108726 1079 1236 38426 70072
5040 823.211 1185 39019 132 1112 18193 21032
5048 796.626 2486 68870 1003 666 29836 39939
5040 823.211 1403 58422 379 911 14316 42668
5048 796.626 1535 69917 283 1186 17087 51163
5040 823.211 1943 51394 719 1192 19835 32255
5048 796.626 958 70183 771 211 31107 39285
5040 823.211 707 65307 437 219 34994 28532
5048 796.626 901 75174 305 534 38860 38090
5040 823.211 2384 41727 1925 425 15657 25487
5048 796.626 2406 80782 661 1797 25097 54947
5040 823.211 769 53917 459 273 37680 16126
5048 796.626 2969 87880 2008 973 40892 45850
5040 823.211 1767 40244 1534 213 12954 27432
5048 796.626 332 62563 265 0 25487 36552
5040 823.211 1330 49622 655 637 25703 24849
5048 796.626 2286 31560 1401 10 23399 7393
5040 823.211 2736 93448 1926 741 21237 72437
5048 796.626 1986 82426 1959 0 36079 46314
5040 823.211 2167 38616 1010 1039 24736 14219
5048 796.626 818 40258 495 289 19651 19780
5040 823.211 1197 53826 157 960 18803 35280
5048 796.626 1085 58855 618 524 44534 14667
5040 823.211 3937 36744 2966 949 24697 11693
5048 796.626 427 84270 470 0 49570 33313
5040 823.211 3320 49415 1844 1673 19516 29148
5048 796.626 1540 67599 601 823 20523 47408
5040 823.211 3741 76658 1821 1828 19583 55876
5048 796.626 887 83847 267 238 31789 51891
5040 823.211 3037 85685 1487 1462 33674 51220
5048 796.626 752 60916 417 268 45631 15355
5040 823.211 806 31493 506 198 16606 15103
5048 796.626 1223 48066 558 728 26376 21865
5040 823.211 1685 94569 1279 400 21730 72812
5048 796.626 1660 58047 1355 284 18539 38645
5040 823.211 2565 36224 1516 993 12195 22696
5048 796.626 4713 38194 3962 580 19748 17355
5040 823.211 1695 31554 1348 367 23168 7255
5048 796.626 2673 54286 1997 0 29856 24278
5040 823.211 550 57601 345 201 27398 29574
5048 796.626 1995 49175 1298 257 29633 19641
5040 823.211 1067 66452 237 761 25717 38402
5048 796.626 1979 39122 1571 386 22002 15677
5040 823.211 949 52565 226 742 20014 31476
5048 796.626 797 49278 0 751 22799 24562
