#station_id r_mc scin_lg_tot_sig wcd_lg_tot_sig scin_lg_em_sig scin_lg_mu_sig wcd_lg_em_sig wcd_lg_mu_sig
5040 199.383 1567 165488 1496 60 146791 17805
5048 242.745 999 96331 875 40 79703 16342
5040 199.383 1266 145885 1159 93 120936 24808
5048 242.745 734 93164 643 47 75320 17638
5040 199.383 2812 242323 2658 91 245632 25653
5048 242.745 1697 155607 1549 52 135589 19678
5040 199.383 3059 260535 2871 109 280712 31155
5048 242.745 1835 178742 1703 44 158433 19908
5040 199.383 1927 204792 1793 97 181450 26963
5048 242.745 1197 123630 1077 75 102452 20832
5040 199.383 2992 240494 2862 50 245358 14656
5048 242.745 1556 145881 1480 32 134120 10807
5040 199.383 1632 157794 1419 97 130911 26117
5048 242.745 889 103704 752 78 82860 20183
5040 199.383 2885 245186 2716 73 253329 22784
5048 242.745 1836 177951 1707 44 162018 15871
5040 199.383 2623 240682 2531 41 242163 19577
5048 242.745 1647 154909 1589 38 139791 14383
5040 199.383 2038 195999 1869 83 176818 21151
5048 242.745 1057 99580 993 15 88096 10996
5040 199.383 2362 209050 2138 121 188391 26085
5048 242.745 1154 130846 1028 66 107985 22771
5040 199.383 2145 214364 1999 73 196192 27191
5048 242.745 1190 127874 1096 58 111492 16208
5040 199.383 1970 198729 1757 84 178182 22732
5048 242.745 1055 116856 879 48 99138 16943
5040 199.383 2041 197800 1916 57 181333 20935
5048 242.745 1067 110837 1032 30 97953 12754
5040 199.383 2022 199643 1931 50 185271 18813
5048 242.745 1023 111751 943 47 95873 15741
5040 199.383 2037 198283 1912 54 179252 19877
5048 242.745 992 118541 923 56 100894 17105
5048 242.745 1161 119487 1019 86 94959 23984
5040 199.383 1954 197203 1821 63 173760 25544
5040 199.383 2307 223992 2212 73 210339 26087
5048 242.745 1464 131000 1379 53 113775 17173
5040 199.383 2034 199803 1974 50 186686 16306
5048 242.745 1092 116259 999 39 99770 16189
5040 199.383 3189 261562 3054 63 283639 20564
5048 242.745 1854 170006 1748 33 154493 14833
5040 199.383 1616 151908 1476 96 124075 27468
5048 242.745 941 97703 800 38 81650 15477
5040 199.383 1300 149705 1184 80 121917 27249
5048 242.745 854 93675 752 66 75638 17670
5040 199.383 1519 158473 1392 63 133863 24462
5048 242.745 814 86813 704 30 71360 15275
5040 199.383 1690 182527 1579 62 160399 21685
5048 242.745 937 103069 812 50 85257 17530
5040 199.383 1990 208655 1848 101 188339 26518
5048 242.745 1294 117861 1155 72 98758 18823
5040 199.383 3190 255327 3018 72 266702 23529
5048 242.745 1735 173812 1586 42 156602 16771
5040 199.383 1998 203350 1829 60 191228 16516
5048 242.745 1306 118178 1223 11 106207 11865
5040 199.383 2327 234743 2204 87 225892 29975
5048 242.745 1482 135708 1320 36 116006 19568
5040 199.383 1925 216314 1757 73 194767 29202
5048 242.745 1276 128780 1115 64 105878 22386
5040 199.383 2807 253345 2645 120 259885 32433
5048 242.745 1587 180830 1435 81 155924 24329
5040 199.383 2452 236353 2315 82 230949 24085
5048 242.745 1260 137978 1113 63 118723 18564
5048 242.745 1041 120414 943 63 100269 19561
5040 199.383 1909 193469 1822 74 169385 25722
5040 199.383 2272 222345 2099 102 206696 28638
5048 242.745 1136 126260 1059 64 106033 19775
5040 199.383 2151 226531 1963 94 207273 29607
5048 242.745 1252 135492 1128 48 116272 18557
5040 199.383 1336 147398 1204 97 123717 23094
5048 242.745 816 89353 760 24 75388 13508
5040 199.383 1684 184880 1586 62 161797 23187
5048 242.745 954 102906 841 37 87882 14859
5040 199.383 2402 221745 2270 74 214341 22810
5048 242.745 1266 132034 1140 41 115198 16967
5040 199.383 2692 235881 2446 72 232578 21935
5048 242.745 1425 137063 1300 52 123358 13222
5040 199.383 2708 231679 2532 76 226557 22440
5048 242.745 1443 154331 1312 57 133216 21045
5040 199.383 2097 212526 1964 61 194833 21301
5048 242.745 1197 117710 1091 59 100891 16324
5040 199.383 1625 184923 1540 68 163720 22239
5048 242.745 838 109849 768 57 91864 17664
5040 199.383 1810 176019 1700 84 153423 23008
5048 242.745 979 105925 883 47 88906 17170
5040 199.383 2446 224705 2346 44 220159 15192
5048 242.745 1279 137954 1242 4 127006 10407
5040 199.383 1623 164344 1406 97 137111 27189
5048 242.745 891 93939 791 37 76565 17134
5040 199.383 2172 193174 1963 104 168658 24995
5048 242.745 1026 111230 922 44 94004 17197
5040 199.383 1652 180227 1479 102 151431 29123
5048 242.745 1078 110579 974 49 91710 18669
5040 199.383 2011 182025 1792 106 156583 26058
5048 242.745 952 105916 807 79 84005 21343
5048 242.745 1245 129607 1201 39 114160 15294
5040 199.383 2047 206287 1868 64 188799 20135
5040 199.383 3210 260758 3024 97 274768 27315
5048 242.745 1758 183284 1635 60 160923 21657
5040 199.383 2439 203006 2320 56 194807 13412
5048 242.745 1248 112836 1214 25 102501 10003
5040 199.383 1585 166818 1517 67 140692 25489
5048 242.745 873 94037 745 49 79809 14164
5040 199.383 1460 156229 1334 62 132340 23908
5048 242.745 735 93713 683 28 76778 16905
5040 199.383 2248 211815 2051 114 193956 26494
5048 242.745 1236 128517 1127 44 109022 19012
5040 199.383 1794 192262 1684 56 172348 21690
5048 242.745 1139 116810 1042 31 100162 16332
5040 199.383 2244 210645 2084 88 192579 24277
5048 242.745 1182 125990 1065 54 103986 21458
5040 199.383 1948 206871 1885 73 186350 25423
5048 242.745 1161 119588 1068 44 104818 14496
5040 199.383 1715 179011 1591 63 157058 21496
5048 242.745 1013 103472 931 40 90604 12757
5040 199.383 2300 226585 2171 103 216178 25539
5048 242.745 1261 128396 1186 42 110260 18061
5040 199.383 1327 144785 1206 56 124151 20100
5048 242.745 841 93548 726 48 78645 14880
5040 199.383 2411 226801 2207 66 220036 21238
5048 242.745 1327 144998 1145 52 127486 17184
5040 199.383 2117 216764 1939 107 191789 31153
5048 242.745 1224 129577 1091 44 113095 16543
5040 199.383 1880 185284 1722 76 164227 20936
5048 242.745 1126 111321 1004 44 94723 16248
5040 199.383 2537 229009 2345 77 224756 23234
5048 242.745 1422 140045 1320 63 125007 14636
5040 199.383 2751 255909 2640 95 268236 31378
5048 242.745 1496 166913 1423 53 146962 19592
5040 199.383 2060 202203 1857 88 178433 26779
5048 242.745 1149 119779 1027 46 102751 16533
5040 199.383 2599 240722 2396 139 231297 34801
5048 242.745 1489 154208 1400 68 127493 26480
5040 199.383 1398 152505 1246 108 127573 24577
5048 242.745 909 99960 819 58 80874 19067
5040 199.383 2216 223124 2063 71 212096 21799
5048 242.745 1285 135375 1260 49 119770 15248
5048 242.745 1031 127763 980 23 113221 14191
5040 199.383 2196 205067 2080 44 188084 20408
5040 199.383 2084 211994 1927 89 192916 26507
5048 242.745 1355 130551 1259 37 112127 17769
5040 199.383 1654 165647 1536 54 149588 15763
5048 242.745 914 103223 803 25 90967 12231
5040 199.383 1819 198323 1718 80 177254 22246
5048 242.745 951 115589 828 53 101166 14141
5040 199.383 1482 156668 1381 54 135194 21307
5048 242.745 814 85734 650 45 70082 16027
5040 199.383 1921 191427 1832 45 172784 19886
5048 242.745 1168 112391 1058 42 95717 16062
5040 199.383 1790 178108 1681 60 157585 20588
5048 242.745 1021 105806 907 41 88694 16635
5040 199.383 1654 179447 1501 60 157090 22489
5048 242.745 913 105046 841 29 86662 18202
5040 199.383 1687 165587 1585 57 142547 22785
5048 242.745 987 116945 916 27 102351 13872
5040 199.383 2763 246271 2606 92 251623 24463
5048 242.745 1629 152102 1476 72 133588 18349
5040 199.383 6350 356631 6003 195 576932 51727
5048 242.745 1712 186557 1581 65 165628 20570
5040 199.383 2578 239582 2460 80 233722 28056
5048 242.745 1457 143413 1342 50 125076 17796
5040 199.383 1977 187275 1855 64 169266 18177
5048 242.745 1026 107106 926 25 93065 13370
5040 199.383 1578 184266 1424 83 162154 23675
5048 242.745 938 108046 805 57 90885 16845
5040 199.383 1700 190082 1646 52 168943 21457
5048 242.745 940 108094 824 37 92061 15709
5040 199.383 2086 196133 1908 95 177222 20416
5048 242.745 1239 124513 1145 52 109562 14111
5040 199.383 1947 200090 1768 109 178721 24972
5048 242.745 1129 118670 1043 40 101184 17207
5048 242.745 1542 150432 1411 45 131761 18487
5040 199.383 2595 245002 2393 63 248704 22000
5040 199.383 1830 198857 1732 63 176831 23547
5048 242.745 1002 120798 938 44 101827 18729
5040 199.383 1880 193970 1762 54 176545 19076
5048 242.745 1106 112635 1028 38 96816 15262
5040 199.383 3158 258598 2982 146 264561 33122
5048 242.745 1898 183039 1764 55 158018 24872
5040 199.383 2705 249086 2546 105 242520 35416
5048 242.745 1578 155973 1406 90 134448 21186
5040 199.383 2422 228005 2247 90 216569 24957
5048 242.745 1189 129123 1119 38 113735 15157
5040 199.383 1918 203152 1764 95 178905 26833
5048 242.745 1058 120931 961 50 101254 19392
5040 199.383 2465 233209 2357 94 225812 21865
5048 242.745 1503 151283 1362 47 133138 17552
5040 199.383 1496 174187 1405 75 154569 20113
5048 242.745 1055 110578 946 36 98247 11771
5040 199.383 1287 147771 1293 51 127305 19974
5048 242.745 803 87414 737 26 73931 12989
5048 242.745 1094 125357 1011 53 108852 15975
5040 199.383 2387 222627 2274 50 218267 19095
5040 199.383 1536 156583 1455 66 136608 19585
5048 242.745 1082 100602 897 61 86227 14133
5040 199.383 2137 197127 2033 79 175362 23875
5048 242.745 1072 116506 995 43 99813 16235
5040 199.383 1957 204609 1789 81 181395 24691
5048 242.745 1071 116385 882 63 93224 22760
5040 199.383 1353 151913 1232 95 127517 24158
5048 242.745 942 99635 798 60 80777 18946
5040 199.383 2571 233269 2355 97 227106 26016
5048 242.745 1374 136170 1202 76 114793 21200
5040 199.383 2275 220711 2121 89 202185 26138
5048 242.745 1416 135565 1272 35 119674 15342
5040 199.383 6826 366551 6486 205 602789 59759
5048 242.745 1919 193506 1779 54 171383 21601
5040 199.383 3244 257492 2969 111 275278 30149
5048 242.745 1631 176842 1508 79 155689 20427
5040 199.383 2058 213779 1910 59 195728 23915
5048 242.745 1264 131299 1187 41 112135 18722
5040 199.383 1853 190212 1698 48 172508 21046
5048 242.745 1041 114195 935 74 98181 15529
5040 199.383 2911 252968 2744 102 267735 26818
5048 242.745 1496 158708 1396 34 143606 14420
5040 199.383 2245 232272 2115 88 225325 25611
5048 242.745 1338 141767 1245 56 122980 18135
5040 199.383 2022 202634 1815 103 176142 27585
5048 242.745 1150 116617 1068 48 98285 17702
5040 199.383 2419 219991 2289 57 210994 19476
5048 242.745 1237 121287 1159 37 105219 15731
5040 199.383 1931 217458 1835 90 195783 30155
5048 242.745 1309 124208 1130 72 106293 17320
5040 199.383 1416 154402 1366 33 140110 14605
5048 242.745 804 89210 712 19 79965 8773
#station_id r_mc scin_lg_tot_sig wcd_lg_tot_sig scin_lg_em_sig scin_lg_mu_sig wcd_lg_em_sig wcd_lg_mu_sig
5040 199.383 1904 178019 1795 72 158045 19829
5048 242.745 1006 98398 922 25 82954 15396
5040 199.383 1684 164577 1558 65 144591 19645
5048 242.745 866 96279 788 44 80777 15150
5040 199.383 2014 204126 1842 91 182072 26122
5048 242.745 1098 122874 1031 29 109994 12913
5040 199.383 1824 198021 1613 81 171505 27371
5048 242.745 1037 117639 852 52 97624 19619
5040 199.383 1524 169380 1397 92 145463 23858
5048 242.745 901 98411 817 33 80234 17388
5040 199.383 2314 225127 2220 61 212609 20662
5048 242.745 1328 135504 1205 31 122313 12896
5040 199.383 2473 243348 2306 85 233037 29286
5048 242.745 1380 152461 1288 52 131904 20776
5040 199.383 2381 239472 2258 118 231018 34439
5048 242.745 1520 145631 1335 71 124750 20402
5040 199.383 2358 226889 2242 65 219060 25000
5048 242.745 1598 147175 1526 50 132243 14308
5040 199.383 2195 220835 2027 92 203673 26129
5048 242.745 1196 126637 1087 73 107907 18231
5040 199.383 1744 196301 1625 92 170486 27349
5048 242.745 1084 113433 976 48 94924 17995
5040 199.383 2742 242124 2591 95 243024 24248
5048 242.745 1267 150551 1196 40 130574 19360
5040 199.383 1488 173736 1331 82 149821 23854
5048 242.745 818 113981 722 40 94303 19483
5040 199.383 1524 154629 1415 86 131880 22083
5048 242.745 1021 102035 884 92 82098 19558
5040 199.383 1905 211388 1794 59 193438 21609
5048 242.745 1109 118118 995 57 100139 17341
5040 199.383 1983 201161 1905 52 182729 23298
5048 242.745 1264 129538 1144 51 113304 15712
5040 199.383 2290 225653 2144 104 211190 29793
5048 242.745 1485 134997 1281 69 112511 22339
5040 199.383 2300 226004 2139 89 206915 28858
5048 242.745 1303 128790 1156 41 109782 18695
5040 199.383 2469 231575 2306 108 221317 29762
5048 242.745 1471 142378 1366 68 122421 19585
5040 199.383 1455 149434 1349 62 131187 17887
5048 242.745 836 86165 701 12 76859 8914
5040 199.383 1688 182021 1587 68 157532 24342
5048 242.745 1078 106731 981 34 91642 14794
5040 199.383 3228 263541 3023 99 285858 28467
5048 242.745 1738 165600 1576 71 145219 20118
5040 199.383 2945 262784 2812 64 284639 24553
5048 242.745 1667 164317 1527 63 143402 20292
5040 199.383 1960 213087 1890 47 194566 26616
5048 242.745 1292 132498 1193 57 113757 18580
5040 199.383 1992 211323 1765 121 190949 26275
5048 242.745 1185 118730 1055 38 102582 15778
5040 199.383 2172 214910 2046 71 204059 20958
5048 242.745 1299 119811 1210 35 105049 14495
5040 199.383 1879 181783 1744 76 160834 21148
5048 242.745 995 105071 935 41 89015 15902
5040 199.383 1586 171015 1498 65 148737 22334
5048 242.745 965 90028 882 43 73627 15902
5040 199.383 1592 174552 1492 69 148162 26082
5048 242.745 1013 105024 876 40 86845 17425
5040 199.383 6784 376144 6415 276 622411 58707
5048 242.745 2092 198383 1940 92 174425 23320
5040 199.383 1263 143635 1173 65 122314 20826
5048 242.745 739 84012 663 44 67816 15758
5040 199.383 2213 208387 2104 74 185640 26816
5048 242.745 1289 130524 1089 77 110272 20234
5040 199.383 2183 220635 2051 85 201846 29496
5048 242.745 1145 121325 1032 38 102249 18702
5040 199.383 2292 226055 2159 103 209701 28214
5048 242.745 1207 124395 1073 50 105139 18651
5040 199.383 1694 185592 1536 93 161547 24191
5048 242.745 968 118453 871 73 100005 17937
5040 199.383 2561 241352 2431 60 240435 22646
5048 242.745 1513 137934 1413 35 124861 12843
5040 199.383 1267 146797 1169 82 125371 21355
5048 242.745 740 88776 679 39 75999 12398
5040 199.383 1810 175098 1594 107 148269 26465
5048 242.745 962 106842 865 50 88329 18072
5040 199.383 1822 180005 1700 55 163936 16905
5048 242.745 1092 115281 955 62 100111 15125
5040 199.383 1887 181487 1734 69 158347 23189
5048 242.745 888 109882 834 36 96455 13308
5040 199.383 2481 221692 2329 75 207016 24293
5048 242.745 1254 141938 1180 44 124739 16871
5040 199.383 1865 192440 1701 64 164402 29016
5048 242.745 892 100560 780 61 82064 17786
5040 199.383 1404 157635 1310 84 137045 20602
5048 242.745 838 95366 808 61 76777 17837
5040 199.383 1889 200797 1776 43 188742 13197
5048 242.745 1013 107978 950 50 97424 10326
5040 199.383 1766 181249 1611 113 158449 23095
5048 242.745 857 101953 763 36 83189 18414
5040 199.383 2437 234023 2334 67 228381 23363
5048 242.745 1328 138158 1227 61 122717 15169
5040 199.383 2534 235740 2369 89 232032 25382
5048 242.745 1377 130204 1293 48 111789 18159
5040 199.383 1425 148557 1328 68 126954 21383
5048 242.745 904 101143 787 47 84604 16082
5040 199.383 1514 162508 1374 58 139308 22384
5048 242.745 1033 101479 854 54 84093 17243
5040 199.383 1313 150272 1241 56 128205 21600
5048 242.745 863 84120 789 53 68643 15110
5040 199.383 2526 227668 2347 107 216080 26240
5048 242.745 1490 140151 1362 51 123918 15819
5040 199.383 2629 232989 2482 96 223432 28151
5048 242.745 1306 139358 1141 60 118317 20560
5040 199.383 1583 174512 1399 85 146700 27507
5048 242.745 999 97961 880 40 82397 15142
5040 199.383 1246 139599 1175 64 115293 23870
5048 242.745 616 70804 545 20 56958 13482
5040 199.383 2559 224970 2452 89 216110 21278
5048 242.745 1388 135168 1301 40 116044 18426
5040 199.383 1293 150142 1151 65 125781 23892
5048 242.745 928 101291 819 54 83440 17609
5040 199.383 1397 151583 1287 94 130319 20672
5048 242.745 765 85006 703 32 67576 17147
5040 199.383 1393 155187 1241 64 132235 22396
5048 242.745 918 98973 788 51 83257 15156
5040 199.383 6514 349007 6267 157 559561 49365
5048 242.745 1943 186306 1812 50 167894 18050
5040 199.383 1746 194889 1693 75 170123 26036
5048 242.745 1124 124787 990 56 106351 17913
5040 199.383 1733 193873 1566 85 170654 24378
5048 242.745 966 110871 828 67 92077 18478
5040 199.383 3134 264758 2957 94 290142 18898
5048 242.745 1819 157940 1714 18 146814 10851
5040 199.383 1600 161650 1471 73 141086 20100
5048 242.745 1126 102966 1005 44 87054 15658
5040 199.383 1920 191080 1784 86 164946 26694
5048 242.745 1077 105422 975 49 83593 21414
5040 199.383 1819 181085 1636 83 155390 26540
5048 242.745 1094 107393 1013 55 88033 19023
5040 199.383 2318 230221 2134 67 219032 28041
5048 242.745 1314 143353 1232 55 126738 16289
5040 199.383 2010 214012 1920 70 196483 22174
5048 242.745 1215 125296 1128 48 108002 17232
5040 199.383 1694 174959 1546 80 152735 21920
5048 242.745 1035 109908 941 58 94052 15528
5040 199.383 1364 151773 1201 105 124446 27261
5048 242.745 991 102928 877 50 85114 17876
5040 199.383 2310 226841 2154 107 207669 32997
5048 242.745 1347 145846 1200 64 120776 24361
5040 199.383 1662 186539 1592 73 165035 22343
5048 242.745 976 104398 899 41 88988 14768
5040 199.383 1595 170395 1508 61 147112 23363
5048 242.745 886 111612 798 46 95224 16284
5040 199.383 1512 167323 1374 67 140561 26137
5048 242.745 894 93204 800 35 78468 14415
5040 199.383 1810 172453 1676 73 152146 19572
5048 242.745 836 96440 708 47 79561 16430
5040 199.383 1785 177383 1718 52 160838 17053
5048 242.745 986 95483 878 34 81533 13449
5040 199.383 2289 217579 2164 73 204085 26090
5048 242.745 1133 131832 1124 43 113420 18190
5040 199.383 2419 231223 2343 76 220239 29417
5048 242.745 1596 143570 1467 53 124294 18433
5040 199.383 1645 169980 1467 67 145936 23843
5048 242.745 916 97125 806 32 79071 17583
5040 199.383 2564 232465 2459 65 224612 28100
5048 242.745 1425 137469 1245 65 119447 17430
5040 199.383 2376 237105 2265 83 231197 28679
5048 242.745 1299 125146 1129 68 107927 17253
5040 199.383 1662 177466 1527 91 149043 28356
5048 242.745 1014 107369 849 55 87251 19466
5040 199.383 1908 190251 1762 70 167524 22681
5048 242.745 932 113866 895 37 95502 18155
5040 199.383 1301 158466 1146 83 134579 23630
5048 242.745 791 92666 722 53 77766 14481
5040 199.383 1751 183034 1607 60 160883 21649
5048 242.745 894 102948 847 22 86517 15940
5040 199.383 2700 240024 2563 84 242899 23820
5048 242.745 1546 142869 1451 29 126688 15253
5040 199.383 1606 179284 1488 75 155529 23767
5048 242.745 860 103946 784 44 85950 17647
5040 199.383 1882 198327 1758 73 174721 24840
5048 242.745 1120 111846 1004 29 93455 18283
5040 199.383 7015 366806 6650 202 638338 74404
5048 242.745 2022 190961 1827 77 166249 24383
5040 199.383 2361 221657 2243 56 211327 22427
5048 242.745 1388 128708 1300 55 110881 17035
5040 199.383 1432 161411 1286 61 134718 26630
5048 242.745 861 97740 759 75 76970 20388
5040 199.383 2769 242136 2569 76 235605 28686
5048 242.745 1591 169170 1472 48 149603 19637
5040 199.383 1678 179932 1500 96 157098 22293
5048 242.745 1111 122502 1001 73 105115 17179
5040 199.383 1844 191447 1703 94 167154 24938
5048 242.745 972 103227 900 30 88884 13738
5040 199.383 2229 218847 2098 71 210476 26076
5048 242.745 1266 138879 1127 44 122587 15574
5040 199.383 2305 224560 2157 92 208682 29204
5048 242.745 1260 143934 1136 87 119858 23750
5040 199.383 2209 223629 2070 110 214240 27738
5048 242.745 1443 135756 1324 73 117085 18146
5040 199.383 2267 232017 2174 59 227624 20926
5048 242.745 1482 141359 1381 42 124597 15967
5040 199.383 1831 203282 1744 85 184739 21386
5048 242.745 1139 119061 1047 39 103229 15759
5040 199.383 1668 154843 1481 81 131725 23110
5048 242.745 804 95546 693 87 80057 15197
5040 199.383 2526 223455 2338 91 213832 24564
5048 242.745 1280 135655 1199 34 118735 16409
5040 199.383 1551 177385 1415 78 152659 24279
5048 242.745 884 94255 775 48 78590 15564
5040 199.383 2059 200825 1899 58 185894 16845
5048 242.745 1317 119480 1235 38 107380 11882
5040 199.383 2278 207066 2151 112 184792 27975
5048 242.745 1298 128664 1139 71 106880 21887
5040 199.383 1833 196104 1699 79 169995 27492
5048 242.745 910 117614 845 45 100503 17291
5040 199.383 2370 217932 2237 47 206674 21513
5048 242.745 1216 129335 1112 81 110320 19371
5040 199.383 2127 215992 1969 76 203343 22769
5048 242.745 1227 128360 1097 40 111329 16687
5040 199.383 1975 196792 1870 91 178300 20328
5048 242.745 1159 119574 1038 89 100691 18453
5040 199.383 1610 184366 1497 65 161955 23192
5048 242.745 1031 109800 891 52 89085 20080
5040 199.383 1555 168775 1424 72 145195 23069
5048 242.745 932 102620 824 67 85108 17233
5040 199.383 1802 186355 1649 62 165260 21869
5048 242.745 990 108001 947 43 91972 15682
5040 199.383 1776 200282 1642 95 176249 26408
5048 242.745 918 106580 800 71 89188 16861
5040 199.383 1885 196181 1739 76 174707 23052
5048 242.745 1033 121496 974 55 101685 19386
#station_id r_mc scin_lg_tot_sig wcd_lg_tot_sig scin_lg_em_sig scin_lg_mu_sig wcd_lg_em_sig wcd_lg_mu_sig
5040 199.383 1796 197519 1667 111 168207 29719
5048 242.745 1060 119797 967 64 98049 21237
5040 199.383 2989 256796 2845 61 269326 24379
5048 242.745 1662 176032 1503 47 153440 21860
5040 199.383 1318 165325 1211 56 142401 22487
5048 242.745 961 99028 812 45 79549 18882
5040 199.383 1502 181108 1370 100 152438 28554
5048 242.745 980 108742 892 56 88424 19921
5040 199.383 1452 167631 1322 95 142398 24706
5048 242.745 897 108705 772 58 90162 18304
5040 199.383 2075 198138 1921 78 178121 21625
5048 242.745 1084 105244 989 47 90467 14620
5040 199.383 1806 193396 1719 75 169113 25597
5048 242.745 1130 120169 1011 98 103002 16983
5040 199.383 1929 177603 1740 90 152593 24760
5048 242.745 963 107848 863 41 91952 15644
5040 199.383 1535 166374 1422 62 142856 23342
5048 242.745 973 99950 854 45 80683 18703
5040 199.383 1914 193454 1795 29 173542 20814
5048 242.745 1105 116467 1005 35 98762 17045
5040 199.383 1577 179025 1449 78 161750 17908
5048 242.745 1010 102514 943 18 89868 12249
5040 199.383 1643 172559 1514 84 146845 25376
5048 242.745 830 100898 749 53 80512 19699
5040 199.383 1500 165013 1372 58 139861 24658
5048 242.745 897 93559 796 74 73469 19390
5040 199.383 1781 195977 1673 48 178969 19243
5048 242.745 1082 119494 1047 50 103263 15431
5040 199.383 3096 263294 2991 78 279297 28536
5048 242.745 1605 167811 1484 64 146984 20307
5040 199.383 1789 185501 1627 71 166152 18775
5048 242.745 891 106250 862 44 91713 14197
5040 199.383 2431 232442 2317 95 221595 31074
5048 242.745 1333 134811 1174 71 113373 20951
5040 199.383 2464 230194 2306 93 221576 26372
5048 242.745 1467 141036 1348 55 120985 19465
5040 199.383 1962 169634 1861 58 147597 21500
5048 242.745 966 100544 913 42 85933 14208
5040 199.383 2275 216239 2126 90 195551 28511
5048 242.745 1101 121347 982 63 101388 19378
5040 199.383 2311 233134 2134 89 225741 27144
5048 242.745 1499 148265 1403 49 128760 19264
5048 242.745 839 96554 716 39 78462 17740
5040 199.383 1275 156437 1111 71 130770 25762
5040 199.383 2034 208098 1846 99 184182 27920
5048 242.745 1120 124081 975 61 100396 22720
5040 199.383 2372 235206 2304 50 233324 19648
5048 242.745 1429 140785 1359 37 125982 13888
5040 199.383 2357 226686 2128 63 220511 22825
5048 242.745 1334 136331 1252 48 117771 17913
5040 199.383 2623 235022 2524 83 227322 26678
5048 242.745 1462 141548 1339 70 121913 19595
5040 199.383 2551 220634 2391 78 209091 23706
5048 242.745 1320 133008 1211 34 115379 17448
5040 199.383 1608 175446 1497 49 153877 21208
5048 242.745 876 106422 786 23 89995 16189
5040 199.383 1920 192730 1782 71 173257 21037
5048 242.745 1131 109089 1002 37 96594 11668
5040 199.383 2284 220926 2168 47 208470 23569
5048 242.745 1368 146575 1237 57 129703 16595
5040 199.383 1686 204034 1601 51 184567 24604
5048 242.745 1082 120106 974 53 99905 20056
5040 199.383 2313 219629 2169 81 205578 25001
5048 242.745 1184 128862 1014 37 110754 17316
5048 242.745 1610 153092 1532 37 138125 14483
5040 199.383 6082 344249 5645 135 513654 41916
5040 199.383 1845 181867 1682 95 156039 26373
5048 242.745 1005 107756 954 51 89721 17523
5040 199.383 2423 234887 2267 67 227965 25661
5048 242.745 1258 141258 1175 46 122675 18006
5040 199.383 1792 193593 1697 56 174604 21113
5048 242.745 877 111197 795 53 95531 15219
5040 199.383 1402 161014 1263 62 138697 21792
5048 242.745 700 82786 633 32 65832 16551
5040 199.383 1984 201034 1864 72 181268 22934
5048 242.745 1043 112798 967 42 95413 16857
5040 199.383 2080 199461 1916 70 177671 26023
5048 242.745 1241 122049 1054 85 99437 22120
5040 199.383 2251 217223 2119 81 195711 29711
5048 242.745 1160 132255 1008 72 108897 22951
5040 199.383 1648 183620 1492 94 161364 22930
5048 242.745 972 100163 898 52 85275 14536
5040 199.383 2055 234063 1940 95 221215 31214
5048 242.745 1364 139731 1190 71 115994 23468
5040 199.383 2725 254852 2597 68 254479 27736
5048 242.745 1811 161850 1629 63 140511 21613
5040 199.383 2366 238176 2286 84 230658 27660
5048 242.745 1207 122323 1109 72 100175 21661
5040 199.383 1965 199436 1797 88 176019 25800
5048 242.745 1210 121957 1099 58 102790 18850
5040 199.383 2396 221587 2308 50 211781 19794
5048 242.745 1382 135635 1257 26 124978 10009
5040 199.383 2064 220005 1904 76 213224 22267
5048 242.745 1152 129179 1046 51 110961 17677
5040 199.383 1974 220088 1838 107 201052 28091
5048 242.745 1264 131644 1106 52 112414 18839
5040 199.383 1950 201112 1832 56 183594 24127
5048 242.745 1078 115181 930 50 100984 13631
5040 199.383 1794 186495 1583 103 162126 25467
5048 242.745 1011 119867 906 39 101139 17945
5040 199.383 1746 190581 1620 73 168245 24442
5048 242.745 1048 113677 929 33 95006 18270
5040 199.383 1897 189358 1716 91 167584 22937
5048 242.745 866 98203 829 12 86076 11752
5040 199.383 1532 157880 1440 80 137698 19880
5048 242.745 1002 98619 877 37 83159 15398
5040 199.383 2001 182332 1835 96 163268 19763
5048 242.745 1107 118341 995 36 103985 13863
5040 199.383 1791 176384 1632 90 156885 19297
5048 242.745 1073 106305 1020 23 92420 13619
5040 199.383 1893 194017 1770 65 175313 19675
5048 242.745 1052 116026 944 52 102047 13576
5040 199.383 1670 179194 1656 54 157000 21431
5048 242.745 955 104012 887 54 86865 16611
5040 199.383 2231 206100 2049 76 190979 21234
5048 242.745 1014 104375 901 43 89308 14575
5040 199.383 1804 176213 1649 50 156212 20380
5048 242.745 1089 115498 951 55 100850 14680
5040 199.383 1550 176286 1450 58 160150 15849
5048 242.745 931 104291 840 45 89374 14146
5040 199.383 2133 219990 1999 70 209308 24585
5048 242.745 1249 132139 1221 35 116030 16401
5040 199.383 1934 198400 1769 79 178586 22565
5048 242.745 1084 112295 951 51 95194 16695
5040 199.383 1749 174312 1588 65 152555 21633
5048 242.745 863 94592 810 25 77377 16990
5040 199.383 2484 222313 2368 66 209360 21981
5048 242.745 1455 130210 1344 47 114647 15428
5040 199.383 1622 168189 1545 91 142868 24774
5048 242.745 1021 103082 917 31 86602 15907
5040 199.383 1855 191182 1712 76 169618 23179
5048 242.745 985 112876 913 47 93404 18542
5040 199.383 2152 215139 1988 116 191058 30636
5048 242.745 1169 138516 1058 63 119072 18544
5040 199.383 2237 218907 2121 95 196858 31460
5048 242.745 1272 135058 1123 51 113509 20950
5048 242.745 1371 141818 1202 104 122577 18766
5040 199.383 2423 226308 2309 69 217455 24503
5040 199.383 1511 164085 1406 95 141293 22549
5048 242.745 818 93791 736 43 79927 13513
5040 199.383 2114 216215 1955 83 203871 23239
5048 242.745 1170 115323 1028 69 97405 17327
5040 199.383 1956 211443 1821 71 193237 27255
5048 242.745 1121 125496 966 73 104458 20727
5040 199.383 1651 190664 1571 66 167118 25500
5048 242.745 801 103306 742 30 87059 16036
5040 199.383 2609 231373 2518 53 227025 22698
5048 242.745 1230 133360 1140 69 116442 16468
5040 199.383 2110 214710 1938 61 200144 24673
5048 242.745 1385 131248 1272 50 112082 19258
5040 199.383 1879 190435 1801 46 173253 18826
5048 242.745 1037 110799 963 16 96853 13816
5040 199.383 2241 220488 2095 64 206319 26206
5048 242.745 1431 139623 1270 48 119721 19360
5040 199.383 1954 191785 1819 71 167117 25092
5048 242.745 1047 124591 922 49 106799 17099
5040 199.383 2155 209635 1964 93 193558 23852
5048 242.745 1323 116759 1140 50 102347 13844
5040 199.383 2013 198650 1811 78 178578 21691
5048 242.745 1101 115812 994 55 97218 18243
5040 199.383 2609 232361 2468 61 220469 24980
5048 242.745 1565 156601 1435 40 136347 19953
5040 199.383 2100 207780 1981 59 191665 22103
5048 242.745 1199 131745 1068 61 113033 18176
5040 199.383 1723 188719 1540 62 165875 23351
5048 242.745 970 109917 876 49 93410 16454
5040 199.383 2811 252890 2659 105 262827 27773
5048 242.745 1466 156586 1323 44 138129 18503
5040 199.383 2036 198563 1930 24 183407 16946
5048 242.745 1215 123985 1097 32 109454 14179
5040 199.383 2149 209973 2031 58 198286 18583
5048 242.745 1176 123224 1133 19 111820 11273
5040 199.383 1749 179380 1558 95 154462 24420
5048 242.745 891 95312 794 51 79268 15643
5040 199.383 1654 159608 1579 47 139019 20388
5048 242.745 1060 107826 981 28 90639 16558
5040 199.383 2106 213375 2011 63 192572 23840
5048 242.745 1219 120565 1110 46 103071 17208
5040 199.383 2285 222422 2203 43 215713 19436
5048 242.745 1397 127974 1308 21 116197 11670
5040 199.383 2151 188495 2031 29 176227 13774
5048 242.745 1022 110521 974 22 96344 13647
5040 199.383 1727 182145 1598 67 157016 25670
5048 242.745 1009 114661 885 54 93849 19900
5040 199.383 1941 186561 1899 45 170356 16784
5048 242.745 1056 113909 994 30 97968 15340
5048 242.745 800 86719 680 47 73113 13091
5040 199.383 1465 176109 1377 73 153706 22024
5040 199.383 1833 177953 1769 79 152293 25193
5048 242.745 1084 128125 1022 57 107385 20527
5040 199.383 1842 193703 1665 77 166689 29586
5048 242.745 962 101250 903 54 83693 16685
5040 199.383 1692 176525 1561 45 158548 17885
5048 242.745 813 98310 708 42 83050 14967
5040 199.383 1406 147013 1316 56 121586 25239
5048 242.745 950 93314 788 54 74159 18742
5048 242.745 1228 116621 1073 45 98869 17347
5040 199.383 2055 201843 1866 98 177835 26927
5040 199.383 1917 208611 1807 67 186168 25383
5048 242.745 1076 114061 916 48 94418 18841
5040 199.383 1526 168600 1423 85 144325 23825
5048 242.745 1064 106437 945 17 91338 14377
5040 199.383 2222 211151 2132 66 197596 23044
5048 242.745 1278 128996 1175 51 111490 17051
5040 199.383 2319 220398 2216 62 211546 23603
5048 242.745 1307 123042 1214 33 109227 13635
5040 199.383 1729 179535 1566 95 153148 26317
5048 242.745 838 99243 764 55 82228 16599
5040 199.383 2677 240388 2494 105 240585 27889
5048 242.745 1303 140260 1216 49 121245 18625
5040 199.383 1488 163711 1296 51 140449 22664
5048 242.745 807 84371 678 34 68002 16347
5040 199.383 2190 211008 2039 94 191951 22862
5048 242.745 1132 132749 1064 34 115799 16480
5040 199.383 1786 173753 1605 86 149104 24874
5048 242.745 889 101627 798 31 89530 12188
5040 199.383 2186 211876 2046 95 195691 21664
5048 242.745 1201 114201 1060 35 101315 12624
5040 199.383 1755 204858 1677 71 183830 23517
5048 242.745 1029 112593 895 51 94358 18073
5040 199.383 1825 175036 1704 70 154896 19568
5048 242.745 1016 113364 965 42 97535 15363
5040 199.383 2352 218526 2213 80 204345 25104
5048 242.745 1395 140325 1277 59 118482 21579
