#station_id r_mc scin_lg_tot_sig wcd_lg_tot_sig scin_lg_em_sig scin_lg_mu_sig wcd_lg_em_sig wcd_lg_mu_sig
5040 199.383 2232 224361 2047 92 206599 32188
5048 242.745 1116 135537 1084 67 110509 24482
5048 242.745 1142 140186 964 85 112752 26877
5040 199.383 2298 227773 2146 101 206033 37713
5040 199.383 2932 255692 2850 46 263621 20704
5048 242.745 1584 157916 1480 44 139906 17327
5040 199.383 2350 225100 2146 69 208537 26967
5048 242.745 1338 137149 1225 58 117586 19138
5040 199.383 2562 235608 2311 129 218897 36562
5048 242.745 1361 140384 1190 72 116871 23232
5048 242.745 1151 131218 1046 50 108952 21881
5040 199.383 2324 227869 2144 111 209893 29221
5040 199.383 1770 196995 1568 120 169434 30528
5048 242.745 999 118598 845 84 94545 23355
5040 199.383 2504 236407 2344 83 222107 31830
5048 242.745 1380 144018 1242 84 120875 22753
5040 199.383 1811 175833 1590 111 146414 28640
5048 242.745 1086 111977 981 53 94339 17495
5048 242.745 1274 127967 1130 39 114325 12907
5040 199.383 2268 221806 2124 69 213517 19868
5040 199.383 1558 172977 1365 108 141901 30548
5048 242.745 1094 122595 927 60 97754 24680
5040 199.383 2276 229674 2057 127 210866 32920
5048 242.745 1414 156014 1283 99 126897 28982
5040 199.383 1939 203988 1792 90 178351 30926
5048 242.745 1162 120299 990 45 97492 22358
5040 199.383 2926 258632 2730 121 265513 41766
5048 242.745 1578 178974 1370 99 152958 25546
5040 199.383 2897 249978 2704 103 254725 33036
5048 242.745 1581 171115 1440 82 142539 28067
5040 199.383 2351 224940 2169 90 206782 29886
5048 242.745 1415 150214 1300 73 125887 23673
5040 199.383 2141 210180 1991 59 189759 25553
5048 242.745 1093 129723 985 59 107425 21805
5040 199.383 1801 190748 1642 66 167896 22811
5048 242.745 1033 115662 949 57 97282 17878
5040 199.383 1990 209277 1844 81 194258 21276
5048 242.745 1224 116089 1123 35 97615 18153
5040 199.383 1652 198528 1481 116 165783 37374
5048 242.745 1013 120947 880 99 93475 27029
5040 199.383 2224 239124 2038 137 217519 44675
5048 242.745 1400 156067 1194 111 126612 29142
5040 199.383 1892 196939 1636 144 171406 26990
5048 242.745 1283 122778 1076 63 102425 19944
5040 199.383 2903 256997 2706 79 265830 27987
5048 242.745 1794 170717 1613 78 148418 21807
5040 199.383 2489 242737 2351 94 240023 29185
5048 242.745 1642 158563 1439 83 136967 21267
5040 199.383 2545 232891 2381 84 228944 20225
5048 242.745 1323 130911 1151 56 111136 19234
5040 199.383 1631 185103 1427 113 154433 30531
5048 242.745 1076 118899 917 81 96383 22350
5040 199.383 1714 182755 1481 83 155626 27639
5048 242.745 998 110336 907 43 93369 16789
5040 199.383 1945 218912 1798 77 201972 25119
5048 242.745 1115 122063 1027 43 103298 18308
5040 199.383 2579 242123 2419 104 234401 28682
5048 242.745 1349 154928 1269 61 131729 23035
5040 199.383 3198 261196 2994 128 278701 33909
5048 242.745 1818 181535 1629 89 156037 25462
5048 242.745 1893 196766 1701 93 168756 27340
5040 199.383 3494 282387 3261 159 318724 43641
5040 199.383 1562 193303 1411 119 157318 38395
5048 242.745 878 109708 757 94 84007 25180
5040 199.383 2010 216077 1834 162 189636 35373
5048 242.745 1249 134854 1131 74 108648 26061
5040 199.383 2916 269015 2699 130 285031 40298
5048 242.745 1917 193327 1706 117 165773 28357
5040 199.383 1927 209009 1805 83 184667 29698
5048 242.745 1086 130939 974 55 110845 19819
5040 199.383 2080 228069 1948 74 216326 24474
5048 242.745 1229 129516 1097 50 114385 14355
5040 199.383 1849 203032 1689 102 181292 25980
5048 242.745 979 112692 842 69 95201 17209
5040 199.383 1875 212647 1740 114 182208 35910
5048 242.745 1123 120285 1028 59 97003 22780
5040 199.383 1898 216222 1706 132 185871 37465
5048 242.745 1157 129273 1049 63 105315 23551
5048 242.745 1217 136839 1096 79 111791 24429
5040 199.383 2113 215218 1989 113 188577 34389
5040 199.383 1914 201074 1727 81 179603 24544
5048 242.745 1241 129055 1056 54 107706 20888
5040 199.383 2084 219234 1895 110 191438 32728
5048 242.745 1270 136437 1173 68 113261 22672
5040 199.383 2131 209391 1973 89 184253 27588
5048 242.745 1173 123618 1078 51 105217 17869
5040 199.383 1664 202987 1530 93 174498 34176
5048 242.745 1026 115965 850 77 92948 22411
5040 199.383 1886 204146 1753 111 173686 34394
5048 242.745 1066 126048 911 70 99227 26337
5040 199.383 2230 221404 2122 83 203324 21265
5048 242.745 1210 130875 1114 16 117472 13117
5040 199.383 1467 175836 1211 126 140541 35844
5048 242.745 793 107180 652 64 82967 23789
5040 199.383 1795 196666 1647 102 164779 32497
5048 242.745 1085 120188 951 91 93955 25342
5040 199.383 3207 273508 2934 186 297356 45201
5048 242.745 1875 198406 1682 97 163971 34267
5040 199.383 2635 234560 2476 104 224507 29517
5048 242.745 1435 154316 1277 87 130155 23974
5040 199.383 1943 203856 1678 108 172860 33745
5048 242.745 1063 118970 983 55 94686 23339
5040 199.383 2456 233934 2246 131 222189 34679
5048 242.745 1240 138580 1081 65 115111 23189
5040 199.383 2108 208128 1939 135 179195 36806
5048 242.745 1191 120980 1016 76 94098 26435
5040 199.383 2965 251656 2764 91 261377 29298
5048 242.745 1457 156288 1360 55 136849 19424
5040 199.383 2074 220247 1898 121 199287 36021
5048 242.745 1227 129365 1077 67 106167 23183
5040 199.383 2450 234506 2271 100 219802 31240
5048 242.745 1195 138137 1085 54 114259 23275
5040 199.383 2194 217182 2032 73 197551 27502
5048 242.745 1299 143314 1163 73 118551 24464
5040 199.383 1865 197431 1694 101 168574 29593
5048 242.745 1076 115517 904 77 92168 23138
5040 199.383 1913 205951 1765 87 181041 29084
5048 242.745 1069 118848 962 50 100385 18483
5040 199.383 2021 222981 1852 124 197652 36413
5048 242.745 1338 139781 1210 81 116889 22492
5040 199.383 2252 229230 2146 79 218328 24908
5048 242.745 1282 145645 1213 36 127750 17717
5040 199.383 1866 186828 1759 44 167973 18576
5048 242.745 1045 110134 912 63 94812 14512
5040 199.383 1973 190710 1797 77 161641 30467
5048 242.745 1135 126588 972 94 96589 29596
5040 199.383 1977 206528 1839 108 175827 34066
5048 242.745 1198 128136 1035 100 101181 26795
5040 199.383 2304 218492 2046 106 198192 30559
5048 242.745 1201 140307 1051 96 113663 26925
5040 199.383 2755 246875 2553 95 241950 33419
5048 242.745 1633 146397 1507 56 125625 20565
5040 199.383 1669 197907 1497 132 166784 34275
5048 242.745 939 110791 841 62 89438 20954
5040 199.383 3306 266810 3069 133 272886 37171
5048 242.745 1813 181658 1578 88 154099 27105
5040 199.383 1627 175389 1430 109 142811 32113
5048 242.745 907 101487 726 76 78955 21923
5040 199.383 1516 187642 1368 91 160783 28875
5048 242.745 906 104000 808 73 81639 21802
5040 199.383 1926 205720 1755 106 179116 31324
5048 242.745 1148 120995 1015 51 97877 22752
5040 199.383 2436 240579 2237 115 224872 32804
5048 242.745 1416 152735 1286 53 128913 23727
5040 199.383 1633 186133 1499 109 153870 31910
5048 242.745 997 120383 824 94 92720 27050
5040 199.383 1929 210168 1783 118 181307 38166
5048 242.745 1103 124394 930 77 97661 26328
5040 199.383 2243 222722 2084 76 207445 24444
5048 242.745 1113 127727 1003 44 111211 16215
5040 199.383 1996 195669 1820 81 166137 30389
5048 242.745 981 119498 779 100 92717 26136
5040 199.383 1800 208208 1631 123 180278 35122
5048 242.745 1207 146418 1066 77 118123 27932
5040 199.383 1754 217649 1603 120 196762 32454
5048 242.745 1121 131148 936 87 106482 24119
5040 199.383 2531 219117 2434 47 204236 18914
5048 242.745 1255 115618 1150 57 101507 13274
5040 199.383 2377 237110 2193 129 220360 39111
5048 242.745 1597 163157 1463 85 138750 24197
5040 199.383 1676 184581 1576 53 160469 24497
5048 242.745 1085 112991 1022 58 93511 18949
5040 199.383 1955 212292 1803 129 183772 31838
5048 242.745 1144 127618 1072 57 106407 20753
5040 199.383 2188 229082 2006 162 193903 47404
5048 242.745 1276 148158 1067 107 115459 31839
5040 199.383 1877 206593 1769 79 184237 26979
5048 242.745 1141 127411 1006 63 103808 23025
5040 199.383 3008 260710 2823 138 271649 38290
5048 242.745 1809 173316 1603 70 145321 28183
5040 199.383 1935 211063 1716 127 179353 36986
5048 242.745 1056 125126 927 51 102960 21712
5040 199.383 1824 204219 1686 90 179062 32530
5048 242.745 1194 131657 1084 88 104043 26962
5040 199.383 1998 216010 1869 86 193909 29020
5048 242.745 1145 121799 979 76 101966 19231
5040 199.383 3247 263053 2925 190 269566 50773
5048 242.745 1737 188060 1650 94 157724 29713
5040 199.383 1822 201210 1624 98 175489 29252
5048 242.745 1118 112607 997 68 91148 21402
5040 199.383 2097 220159 1897 107 196578 34495
5048 242.745 1299 136913 1173 67 114827 21580
5040 199.383 2065 212027 1929 97 184049 32584
5048 242.745 1267 139824 1155 95 113728 26053
5040 199.383 1907 209600 1763 83 189724 27263
5048 242.745 1255 133296 1158 62 110927 21824
5040 199.383 1803 197255 1665 85 170706 28576
5048 242.745 971 118751 861 58 98225 19602
5040 199.383 1767 197709 1659 101 168633 31630
5048 242.745 1157 120449 1069 58 97465 22568
5040 199.383 2391 225400 2207 103 207154 30076
5048 242.745 1287 125092 1125 62 100781 23774
5040 199.383 2047 214107 1843 117 188579 31754
5048 242.745 1275 131491 1093 82 108234 22763
5040 199.383 1924 212642 1716 105 190191 31081
5048 242.745 1175 127310 1015 65 106012 20842
5040 199.383 2573 241865 2395 90 230591 31084
5048 242.745 1569 155830 1368 85 127262 27808
5040 199.383 1898 197767 1763 74 171588 28103
5048 242.745 1162 122209 1095 72 100721 20830
5040 199.383 2036 215771 1827 152 183822 38448
5048 242.745 1085 125509 939 67 100987 23804
5040 199.383 1541 192070 1370 132 157763 36062
5048 242.745 1027 100433 924 84 77876 22299
5040 199.383 1910 197528 1743 117 166604 33742
5048 242.745 1097 120382 970 39 96371 23867
5040 199.383 2323 234484 2137 120 218346 35342
5048 242.745 1558 147803 1371 81 119774 27669
5040 199.383 1924 201007 1781 122 169748 33935
5048 242.745 1174 115965 1015 72 92284 23365
5040 199.383 1914 204598 1786 109 178061 29264
5048 242.745 1164 113400 1029 61 91894 21081
5040 199.383 2185 219378 1983 104 199061 29916
5048 242.745 1202 130818 1071 84 106621 23716
5040 199.383 1728 194632 1589 112 165287 30058
5048 242.745 1018 122883 925 85 98927 23433
5048 242.745 1088 123302 1002 80 98035 24889
5040 199.383 2016 220553 1789 126 187091 41330
5040 199.383 1975 203450 1790 73 182594 23553
5048 242.745 1281 130273 1137 57 108823 21520
5040 199.383 2333 228666 2161 77 212155 30170
5048 242.745 1347 135013 1208 57 114526 19888
5040 199.383 2503 233654 2262 159 213826 35676
5048 242.745 1386 144794 1241 68 118657 25175
#station_id r_mc scin_lg_tot_sig wcd_lg_tot_sig scin_lg_em_sig scin_lg_mu_sig wcd_lg_em_sig wcd_lg_mu_sig
5040 199.383 2096 210925 1862 88 184513 31806
5048 242.745 1119 127662 1009 80 103565 23609
5040 199.383 2061 231814 1811 165 209464 43610
5048 242.745 1354 145776 1169 110 116542 29104
5040 199.383 1460 182522 1260 115 151471 31870
5048 242.745 1015 116923 885 88 90039 26212
5040 199.383 2573 231704 2379 89 223013 26464
5048 242.745 1409 146586 1240 69 125787 20121
5040 199.383 1757 183910 1686 88 155646 28344
5048 242.745 1065 114664 961 75 93829 20606
5040 199.383 2220 229898 2090 100 209186 36782
5048 242.745 1188 140514 1081 80 118294 21443
5040 199.383 2500 241837 2338 90 231174 34805
5048 242.745 1517 159200 1367 54 131312 27330
5040 199.383 2096 215850 1874 119 190091 32396
5048 242.745 1125 126286 947 88 99809 26125
5040 199.383 3042 263966 2737 162 281034 40617
5048 242.745 1709 178769 1508 86 144704 33974
5040 199.383 1918 212829 1729 116 183566 35395
5048 242.745 1225 134103 1065 71 103912 29661
5040 199.383 2313 223158 2123 92 201864 33147
5048 242.745 1313 130567 1203 79 105014 25283
5040 199.383 2589 249415 2380 94 248794 30742
5048 242.745 1684 167742 1528 71 141150 26198
5040 199.383 1625 186807 1496 101 156891 30165
5048 242.745 1114 110087 939 70 88995 20748
5040 199.383 1888 198436 1762 104 164765 34725
5048 242.745 1027 126218 927 68 104629 21251
5040 199.383 2047 213514 1864 127 183097 36067
5048 242.745 1173 131898 1014 78 103695 27407
5040 199.383 2238 234468 2064 139 217937 36985
5048 242.745 1141 148345 991 75 122582 24960
5040 199.383 2973 253930 2794 94 261858 25648
5048 242.745 1737 180062 1640 47 159449 20593
5040 199.383 1616 188727 1433 96 157880 32030
5048 242.745 1068 115026 890 96 89649 24735
5040 199.383 7537 373006 7302 132 636134 44910
5048 242.745 1913 183902 1807 38 169398 14336
5040 199.383 1994 213412 1813 101 184633 34340
5048 242.745 1040 123159 916 60 96042 26790
5040 199.383 2160 212853 2096 32 203766 15581
5048 242.745 1293 138180 1225 25 125628 12459
5040 199.383 2191 215399 1993 99 193108 33533
5048 242.745 1178 139021 1021 81 111335 27215
5040 199.383 2421 235538 2194 137 219543 32960
5048 242.745 1381 153761 1279 72 133345 19596
5040 199.383 1978 210331 1820 106 186817 30656
5048 242.745 1098 119878 972 73 98489 20987
5040 199.383 2028 217204 1850 135 193528 34262
5048 242.745 1254 116862 1052 85 95271 21033
5040 199.383 1617 176107 1466 95 144350 31083
5048 242.745 1096 113164 903 50 91317 21445
5040 199.383 1939 202572 1781 89 173826 32949
5048 242.745 1058 126353 941 78 102902 23197
5040 199.383 2305 223015 2132 89 204032 31563
5048 242.745 1304 138202 1185 48 116692 20894
5040 199.383 2363 222425 2178 127 205139 31324
5048 242.745 1187 138938 1053 58 111332 27106
5040 199.383 1853 194071 1544 123 158334 37747
5048 242.745 1035 124168 823 107 97300 26315
5040 199.383 1765 174070 1571 108 142863 30652
5048 242.745 898 107196 787 99 82045 24854
5040 199.383 2466 236381 2239 77 227858 28141
5048 242.745 1362 141260 1212 76 118640 22142
5040 199.383 1963 207341 1843 96 180373 32333
5048 242.745 979 117940 803 74 93569 23473
5040 199.383 1349 184190 1210 92 150328 34290
5048 242.745 1059 126672 928 84 102660 23830
5040 199.383 2679 241913 2531 119 237135 37991
5048 242.745 1465 149671 1277 109 119737 29663
5040 199.383 2189 236194 2018 82 222564 27179
5048 242.745 1310 144088 1176 67 121316 22450
5040 199.383 1959 190553 1811 107 161914 29353
5048 242.745 1008 117407 880 62 95856 21070
5040 199.383 2613 246592 2391 127 235503 29420
5048 242.745 1268 162780 1118 101 135514 26400
5040 199.383 1677 204701 1442 143 162118 44854
5048 242.745 1002 126166 847 79 99514 26234
5040 199.383 2109 226653 1985 95 214058 30761
5048 242.745 1257 138136 1203 83 114431 22943
5040 199.383 2447 234979 2249 122 225513 32556
5048 242.745 1235 135202 1143 56 116639 18023
5040 199.383 2791 254324 2639 108 252092 38960
5048 242.745 1663 163021 1482 80 134057 28629
5040 199.383 1884 207828 1697 109 174594 37663
5048 242.745 1018 136118 902 72 111937 23870
5040 199.383 1469 179479 1385 71 154803 25045
5048 242.745 1022 109096 905 62 88546 20351
5040 199.383 2715 230376 2588 40 228286 14174
5048 242.745 1644 148437 1588 23 136248 11588
5040 199.383 2089 211306 1923 119 188785 28788
5048 242.745 1162 136610 1069 72 110484 25786
5040 199.383 1747 197281 1563 97 167406 32196
5048 242.745 1112 137982 964 95 111833 25354
5040 199.383 1832 198173 1692 96 175676 25021
5048 242.745 1042 110259 840 59 90726 18630
5048 242.745 1057 124020 883 96 95927 27386
5040 199.383 1991 205551 1759 135 172350 37276
5040 199.383 1973 214192 1873 79 195368 26178
5048 242.745 1112 125680 954 75 103782 21647
5040 199.383 2346 234778 2146 129 228897 29767
5048 242.745 1436 145859 1275 97 119458 26272
5040 199.383 1988 209185 1794 131 182623 34790
5048 242.745 1270 128279 1117 73 104209 23294
5040 199.383 1914 221821 1737 96 198234 39967
5048 242.745 1194 140979 1090 77 111924 28609
5040 199.383 2691 237179 2538 72 237719 19639
5048 242.745 1526 145690 1480 41 132746 12705
5040 199.383 3257 265965 2955 112 272159 43328
5048 242.745 1617 170061 1475 83 140889 29054
5040 199.383 1882 193215 1679 91 163750 29875
5048 242.745 1170 124705 1018 76 98479 25453
5040 199.383 1982 214746 1887 114 192184 29703
5048 242.745 1057 112412 935 50 94023 18154
5040 199.383 1732 197033 1603 80 166039 31591
5048 242.745 894 101727 807 47 81101 20747
5040 199.383 2207 226369 2030 126 201434 39580
5048 242.745 1350 163953 1198 72 133293 30094
5040 199.383 2845 243572 2538 97 235469 27712
5048 242.745 1373 146072 1293 44 129499 15849
5040 199.383 3033 258191 2840 80 264670 27874
5048 242.745 1934 166644 1762 77 147373 18393
5040 199.383 2157 224023 1958 111 205811 32131
5048 242.745 1114 134928 967 103 105429 29183
5040 199.383 7926 398985 7382 347 719666 94950
5048 242.745 2317 225717 2020 125 189092 35932
5040 199.383 2010 206805 1827 109 180636 30514
5048 242.745 1217 115202 1078 48 96580 17905
5040 199.383 1846 205675 1687 114 176237 35989
5048 242.745 1131 125933 1002 82 99309 26401
5040 199.383 1974 206733 1770 100 185532 29234
5048 242.745 1010 119071 898 61 100703 18047
5040 199.383 2002 213413 1817 105 192442 32290
5048 242.745 1190 126569 1025 67 104682 21850
5040 199.383 3004 256631 2801 111 263490 31722
5048 242.745 1758 176953 1567 73 151538 24897
5040 199.383 2019 216965 1837 115 192245 34726
5048 242.745 1016 124128 924 39 105436 18360
5040 199.383 2330 233120 2122 147 221289 38182
5048 242.745 1277 141437 1170 76 114583 26480
5040 199.383 1698 187025 1525 74 162606 24642
5048 242.745 1173 123168 1014 77 100161 22264
5040 199.383 2804 247323 2580 136 233118 38785
5048 242.745 1659 168044 1416 116 136418 31095
5040 199.383 1836 191791 1697 86 162847 30718
5048 242.745 1002 115468 861 38 97051 18228
5040 199.383 2110 224406 1892 100 202996 35036
5048 242.745 1102 133415 985 65 109515 23680
5040 199.383 2934 257057 2641 180 255368 46675
5048 242.745 1898 179045 1656 134 146377 32117
5040 199.383 1847 193950 1709 112 166440 29193
5048 242.745 959 110693 807 69 89861 20467
5040 199.383 1782 200382 1516 130 164083 38068
5048 242.745 1039 116975 920 69 92721 23788
5040 199.383 2319 216424 2140 131 186034 39059
5048 242.745 1166 143556 1056 67 120229 23097
5040 199.383 1856 185870 1760 66 161788 24525
5048 242.745 1000 111147 885 44 92621 17840
5040 199.383 2681 247624 2491 100 249126 33968
5048 242.745 1495 161326 1373 94 135082 25610
5040 199.383 2112 218193 2072 63 202305 23095
5048 242.745 1499 138388 1429 42 120569 17653
5040 199.383 1843 203452 1652 140 169138 38199
5048 242.745 1131 120432 1001 65 97297 22595
5040 199.383 2088 221185 1933 118 191333 37483
5048 242.745 1295 148248 1148 88 120425 27702
5040 199.383 2405 228996 2250 105 214585 32108
5048 242.745 1435 142899 1264 57 124157 18697
5040 199.383 2487 239105 2332 107 231349 33153
5048 242.745 1267 152676 1131 86 126900 25408
5040 199.383 1978 201957 1766 111 179619 28184
5048 242.745 1289 118150 1055 79 99264 18679
5040 199.383 1877 206963 1705 107 175305 35915
5048 242.745 1267 133694 1132 65 109263 24517
5040 199.383 1954 213656 1753 119 181990 35326
5048 242.745 1186 127518 1005 69 102152 24677
5040 199.383 6320 360292 6018 159 587654 49542
5048 242.745 1839 176707 1745 60 159845 16324
5040 199.383 7275 373430 6846 260 666095 67832
5048 242.745 2007 203951 1884 44 178176 25160
5040 199.383 1754 209209 1583 139 178944 34590
5048 242.745 1208 134109 1080 95 109082 24369
5040 199.383 1941 208146 1768 90 182500 32941
5048 242.745 1134 127933 982 97 101219 26122
5040 199.383 2136 219930 1959 146 193821 36050
5048 242.745 1245 134239 1131 70 108710 25115
5040 199.383 1880 178470 1757 73 152729 25321
5048 242.745 1056 112590 965 35 95917 16048
5040 199.383 1780 176256 1602 109 147435 28576
5048 242.745 1044 114578 938 60 92961 20915
5040 199.383 2660 240364 2526 72 245109 23001
5048 242.745 1624 154682 1550 43 137356 17029
5040 199.383 1787 197928 1558 106 167168 31751
5048 242.745 982 107091 839 49 87560 19063
5040 199.383 1775 195975 1617 85 162041 34779
5048 242.745 1207 123829 1065 48 99192 24109
5040 199.383 2422 232049 2218 123 220195 32479
5048 242.745 1490 146223 1398 76 117145 28567
5040 199.383 1746 195395 1593 105 165896 31392
5048 242.745 999 106662 822 76 85389 20834
5040 199.383 1684 179002 1567 70 153467 25766
5048 242.745 1086 110602 955 41 92424 18160
5040 199.383 2140 226842 2011 81 210718 30779
5048 242.745 1459 148782 1315 75 127575 20588
5040 199.383 2710 242915 2525 103 239023 30659
5048 242.745 1360 151017 1217 75 125507 24718
5040 199.383 2907 240594 2722 42 242574 19304
5048 242.745 1543 150616 1462 19 135727 14373
5040 199.383 2636 250225 2431 148 244184 37346
5048 242.745 1301 154653 1174 51 125972 28259
5040 199.383 2480 239683 2268 119 224617 38430
5048 242.745 1479 154340 1213 79 126005 27908
5040 199.383 2287 214444 2184 65 198485 21137
5048 242.745 1043 110925 964 24 98153 11836
5040 199.383 1767 181307 1652 63 155844 25485
5048 242.745 1026 112924 900 67 91584 20812
5040 199.383 2527 230376 2383 64 222454 22863
5048 242.745 1464 152348 1347 55 136140 15834
5048 242.745 1373 145298 1275 75 123604 21256
5040 199.383 2121 223247 1978 97 206280 30238
5040 199.383 1997 218377 1819 105 198348 29389
5048 242.745 1308 129625 1129 84 106601 22434
5040 199.383 2817 254748 2599 127 261376 36482
5048 242.745 1749 176831 1584 71 150076 26194
#station_id r_mc scin_lg_tot_sig wcd_lg_tot_sig scin_lg_em_sig scin_lg_mu_sig wcd_lg_em_sig wcd_lg_mu_sig
5040 199.383 2821 248159 2602 127 243240 35275
5048 242.745 1613 165281 1423 105 134777 29712
5040 199.383 1598 200289 1422 84 174264 29265
5048 242.745 975 118705 877 54 93710 24483
5040 199.383 1851 181447 1691 87 159289 21359
5048 242.745 1176 128808 1075 48 108366 19865
5040 199.383 1950 190706 1799 64 168404 22206
5048 242.745 1008 126659 953 36 107202 18784
5040 199.383 1811 204690 1661 126 175834 33519
5048 242.745 963 126723 887 76 103385 22642
5040 199.383 2365 231693 2193 121 210967 43524
5048 242.745 1206 136623 1071 92 108492 27728
5040 199.383 1856 214504 1694 89 188382 34401
5048 242.745 1129 140871 1000 58 116185 24628
5040 199.383 2789 249645 2627 103 248837 35987
5048 242.745 1493 161811 1376 66 137462 23641
5040 199.383 2158 228096 2016 92 212328 32237
5048 242.745 1224 143664 1144 43 121385 22027
5040 199.383 1711 195032 1577 119 163112 32862
5048 242.745 972 105321 810 75 82433 22694
5040 199.383 1933 200892 1802 87 176329 31025
5048 242.745 1084 124745 953 79 101175 22888
5040 199.383 1918 201303 1774 93 175846 27783
5048 242.745 1100 117839 950 75 96467 21356
5040 199.383 1706 191213 1555 87 165067 27713
5048 242.745 1036 112784 906 63 89008 23719
5040 199.383 2087 216735 1854 106 198435 29365
5048 242.745 1191 124538 1037 83 101120 22768
5040 199.383 2297 232719 2119 123 216958 34993
5048 242.745 1414 139118 1284 68 115635 23230
5040 199.383 2399 238042 2316 51 242869 19013
5048 242.745 1420 140416 1297 53 124583 15272
5040 199.383 2089 225072 2010 93 204027 36372
5048 242.745 1309 141197 1162 51 118174 22203
5040 199.383 2112 195642 1937 71 173244 23090
5048 242.745 1149 120712 1051 43 103224 17086
5040 199.383 2249 225115 2076 91 205090 33024
5048 242.745 1168 134443 1083 55 110645 23316
5040 199.383 2871 251351 2656 77 257059 29411
5048 242.745 1774 168529 1633 72 145486 22612
5040 199.383 2234 228839 2085 115 216796 28499
5048 242.745 1182 134187 1033 60 110901 22883
5040 199.383 2393 218855 2266 85 196588 28833
5048 242.745 1345 145701 1145 85 121076 24378
5040 199.383 2996 242909 2910 29 254059 9312
5048 242.745 1486 133171 1393 12 126894 5576
5040 199.383 2211 231507 1981 139 208439 35987
5048 242.745 1231 133824 1052 80 109737 23448
5048 242.745 1333 140075 1212 75 113475 26390
5040 199.383 2358 238722 2154 128 220635 39537
5040 199.383 2117 216031 1922 97 186742 37400
5048 242.745 1147 129255 1057 69 102419 26044
5040 199.383 1964 213434 1782 123 189052 30067
5048 242.745 1118 137858 972 94 112518 24842
5040 199.383 2408 224140 2214 115 209676 29196
5048 242.745 1183 141036 1069 35 124358 16094
5040 199.383 1825 188739 1745 65 166730 22502
5048 242.745 1064 125709 958 39 107992 17432
5040 199.383 2851 247886 2660 118 249975 34508
5048 242.745 1669 166993 1493 80 145948 20568
5040 199.383 3082 264384 2898 147 286178 37031
5048 242.745 1768 168129 1593 88 140639 26895
5040 199.383 1834 196222 1699 77 171167 27044
5048 242.745 1102 124071 1048 37 105157 18202
5040 199.383 2316 233408 2070 167 214326 39387
5048 242.745 1327 141872 1172 44 116491 24661
5040 199.383 1977 196115 1846 109 168464 28888
5048 242.745 1224 122154 1134 55 105096 16464
5040 199.383 2984 246730 2817 85 247285 27178
5048 242.745 1671 169077 1499 49 148985 19439
5040 199.383 2298 227877 2129 69 220034 25542
5048 242.745 1429 146671 1347 55 127540 18688
5040 199.383 2104 208960 1841 132 180392 33407
5048 242.745 1164 114704 1041 73 90928 23293
5040 199.383 1721 207768 1522 118 171591 40269
5048 242.745 1047 126425 918 83 94638 31093
5040 199.383 2246 236100 2036 132 221076 37284
5048 242.745 1384 146330 1204 76 121401 24620
5040 199.383 2875 250532 2697 68 259332 22982
5048 242.745 1579 149463 1491 31 134539 14344
5040 199.383 2118 212956 1920 107 190297 30814
5048 242.745 1153 127616 1067 85 102157 24952
5040 199.383 2072 188441 1923 70 169825 20316
5048 242.745 982 110445 893 35 93038 17419
5040 199.383 2583 236216 2406 133 219385 37289
5048 242.745 1489 150782 1305 84 124029 26261
5040 199.383 2408 221093 2223 137 195254 36365
5048 242.745 1248 139499 1057 101 112681 26239
5040 199.383 1998 219612 1822 129 194634 35499
5048 242.745 1152 134119 1006 53 110711 22961
5040 199.383 1736 209491 1563 106 182333 31632
5048 242.745 1260 130090 1128 56 108896 21128
5040 199.383 6431 353818 6137 159 564804 50904
5048 242.745 1867 180106 1703 70 156256 23739
5040 199.383 2827 243714 2612 80 244737 25675
5048 242.745 1535 152551 1456 38 137852 13871
5040 199.383 1832 200757 1639 84 168181 35639
5048 242.745 1106 124110 942 88 99508 24052
5040 199.383 1784 186912 1609 64 159337 28162
5048 242.745 991 123124 790 86 96760 25868
5040 199.383 2190 228613 2004 149 211882 35398
5048 242.745 1414 141548 1259 48 119526 21394
5040 199.383 2414 233627 2212 116 218664 35673
5048 242.745 1318 140348 1181 98 113786 26494
5040 199.383 2707 242835 2439 116 227107 34468
5048 242.745 1335 148323 1151 91 122032 25927
5040 199.383 3026 261622 2751 119 270415 40974
5048 242.745 1667 176903 1482 75 148856 27348
5040 199.383 2164 212949 2005 86 196348 23916
5048 242.745 1371 137247 1282 77 119912 17241
5040 199.383 1803 191755 1664 109 164023 27753
5048 242.745 1148 121043 1021 44 99529 21044
5040 199.383 1646 181269 1481 88 151668 29752
5048 242.745 1078 118812 932 55 99730 18329
5040 199.383 2280 229730 2046 145 202928 43507
5048 242.745 1212 143215 1086 92 111542 31179
5040 199.383 2108 213637 1899 106 188025 32778
5048 242.745 1228 120526 1128 41 101184 18636
5040 199.383 2072 213615 1903 108 188766 30449
5048 242.745 1313 141157 1118 82 116834 23560
5040 199.383 1886 207078 1704 168 179725 34961
5048 242.745 1088 115786 935 55 94349 21049
5040 199.383 1756 201870 1590 87 174783 29918
5048 242.745 1076 126898 936 49 102738 23527
5040 199.383 2443 243278 2308 100 239813 31658
5048 242.745 1318 150747 1239 64 126826 23410
5040 199.383 1853 205100 1656 100 180961 30687
5048 242.745 960 105292 816 62 85051 19620
5040 199.383 2095 198197 1880 103 167767 31674
5048 242.745 1211 122773 1013 100 100257 22490
5040 199.383 1650 177428 1479 102 147715 29338
5048 242.745 898 104642 755 64 82793 21515
5040 199.383 1829 186329 1690 109 162248 26024
5048 242.745 1097 116755 1000 35 99507 16768
5040 199.383 2511 224508 2325 113 206398 29665
5048 242.745 1361 136473 1163 105 111735 24143
5040 199.383 2333 229965 2075 145 205031 39183
5048 242.745 1344 138076 1159 86 110532 26818
5040 199.383 1812 200001 1698 82 172186 29353
5048 242.745 1053 116653 1010 45 96612 19882
5040 199.383 2006 211282 1887 105 186200 29164
5048 242.745 1109 128521 936 71 102349 25691
5040 199.383 1938 190949 1768 110 161309 30326
5048 242.745 992 108453 890 76 88580 19301
5040 199.383 1794 199772 1615 109 169860 31547
5048 242.745 951 116311 837 65 92906 23212
5040 199.383 7052 371074 6519 398 593829 90617
5048 242.745 1836 187117 1682 87 156584 30005
5040 199.383 2258 231350 2056 93 213435 31279
5048 242.745 1232 143855 1148 67 125016 18268
5040 199.383 2493 244720 2242 140 233320 40027
5048 242.745 1437 146679 1291 69 120730 25263
5048 242.745 1305 131413 1181 55 108965 22411
5040 199.383 2215 215574 2086 76 201085 22279
5040 199.383 2134 216740 1911 149 191360 36000
5048 242.745 1134 123762 946 96 97485 25930
5040 199.383 1756 188424 1495 112 158883 30095
5048 242.745 1065 113988 1034 23 95341 18369
5040 199.383 2013 216619 1876 73 194416 32481
5048 242.745 1313 136138 1152 66 113281 22496
5040 199.383 3029 257071 2842 139 273149 38594
5048 242.745 1677 174975 1510 76 149839 24819
5040 199.383 2021 221236 1853 141 192606 40090
5048 242.745 1247 144826 1107 80 112829 31465
5040 199.383 1592 201380 1459 122 169469 34926
5048 242.745 1076 116760 935 58 92614 23661
5040 199.383 3028 257746 2799 137 257488 35433
5048 242.745 1643 166259 1465 95 139291 26293
5040 199.383 2391 230281 2200 111 217960 31532
5048 242.745 1313 132151 1173 58 109665 21914
5040 199.383 2215 208484 2028 61 183222 26124
5048 242.745 1093 123068 1037 48 108946 13792
5040 199.383 1765 210774 1603 86 185729 29672
5048 242.745 1138 125595 1005 84 103213 21750
5040 199.383 1355 163849 1204 100 131595 31915
5048 242.745 952 93651 823 65 73556 19483
5040 199.383 2548 235720 2320 121 226205 30944
5048 242.745 1420 159506 1303 50 138041 21353
5040 199.383 2442 228011 2284 92 210976 26418
5048 242.745 1465 148257 1332 74 126794 20861
5040 199.383 2494 239794 2299 126 234828 35787
5048 242.745 1387 155143 1283 53 131189 23498
5040 199.383 1705 170837 1597 60 153008 17442
5048 242.745 1069 103926 956 54 89082 14644
5040 199.383 1802 187685 1576 96 160181 28048
5048 242.745 997 113993 956 20 97438 15768
5040 199.383 2343 231169 2143 110 210073 36253
5048 242.745 1165 147353 1031 80 119122 27824
5040 199.383 2077 204564 1942 88 185241 21258
5048 242.745 1376 132909 1269 42 116496 15563
5040 199.383 2115 221470 1953 94 198902 32626
5048 242.745 1394 137838 1254 63 117278 20353
5040 199.383 1520 182298 1352 133 145642 36230
5048 242.745 920 111743 803 61 87850 23786
5040 199.383 2774 242065 2586 115 239628 32096
5048 242.745 1459 163710 1299 91 136394 27069
5040 199.383 2033 217501 1802 120 191238 35238
5048 242.745 1064 121440 869 91 100852 20069
5040 199.383 1730 202085 1527 133 168285 35590
5048 242.745 1021 115929 851 88 90125 25288
5040 199.383 2206 222152 2038 77 198849 35036
5048 242.745 1253 148428 1052 103 114323 33308
5040 199.383 2227 212458 2090 66 204902 17880
5048 242.745 1102 114699 1050 50 101111 13019
5040 199.383 1635 205341 1527 96 179376 29613
5048 242.745 1011 119023 922 57 99246 19851
5040 199.383 7032 369927 6638 259 631223 61025
5048 242.745 1902 171837 1751 58 153148 18298
5040 199.383 3129 265532 2879 135 274599 38016
5048 242.745 1549 176460 1326 112 142461 33297
5040 199.383 2617 243357 2384 114 241739 31467
5048 242.745 1586 163629 1478 48 139715 23163
5040 199.383 1899 202655 1691 133 170525 36067
5048 242.745 1158 124569 1011 100 98610 25446
5040 199.383 2014 227266 1917 111 207476 36827
5048 242.745 1209 145212 1136 81 116217 28517
5040 199.383 2296 228518 2165 128 204491 41669
5048 242.745 1327 149283 1191 77 124156 24987
5040 199.383 6606 359199 6182 282 591077 70967
5048 242.745 1843 194756 1662 90 165317 28634
5040 199.383 2333 220335 2285 53 212446 22776
5048 242.745 1343 135549 1232 44 119028 16239
5040 199.383 7127 380608 6692 310 652962 80397
5048 242.745 2051 215502 1835 144 181745 32918
