#station_id r_mc scin_hg_tot_sig wcd_hg_tot_sig scin_hg_em_sig scin_hg_mu_sig wcd_hg_em_sig wcd_hg_mu_sig
5040 1442.42 1780 30695 166 1615 11731 18789
5048 1423.02 806 32574 265 478 16435 15947
5040 1442.42 1448 42764 878 503 8924 32534
5048 1423.02 2114 43177 1081 990 15017 26890
5040 1442.42 998 38249 601 313 13150 25056
5048 1423.02 1973 39129 1251 672 14126 24727
5040 1442.42 2480 36813 1566 873 12683 23625
5048 1423.02 962 38073 92 808 8570 28470
5040 1442.42 474 25105 2 0 8059 16914
5048 1423.02 539 19042 325 188 5370 13412
5040 1442.42 1188 57455 238 845 26510 29945
5048 1423.02 1464 51892 500 1020 19150 31853
5040 1442.42 1796 38542 1034 802 16801 20839
5048 1423.02 1135 36601 783 280 18278 17139
5040 1442.42 1477 28655 985 506 17847 10556
5048 1423.02 2859 44794 1069 1752 12257 32162
5040 1442.42 577 40363 564 0 19613 19121
5048 1423.02 1159 32007 668 466 24527 7094
5040 1442.42 582 21344 322 260 7129 14049
5048 1423.02 901 35954 601 315 6496 28703
5040 1442.42 2017 53086 810 1168 12451 41103
5048 1423.02 910 47105 337 466 14110 32550
5040 1442.42 1008 20159 353 700 5372 14293
5048 1423.02 1194 43252 187 953 21220 21486
5040 1442.42 596 30329 645 0 16161 15992
5048 1423.02 1703 34715 362 1132 11749 23743
5040 1442.42 1072 41244 747 257 11379 29685
5048 1423.02 1301 36614 467 769 9031 27264
5040 1442.42 29 44017 13 0 22962 19860
5048 1423.02 885 28652 853 0 17735 10758
5040 1442.42 586 49931 500 171 13627 36326
5048 1423.02 1483 36850 941 569 14814 20808
5040 1442.42 557 40623 22 536 23532 18190
5048 1423.02 2968 18605 1018 260 7519 12038
5040 1442.42 423 26358 416 0 9816 16390
5048 1423.02 2248 24455 832 520 7785 16021
5040 1442.42 422 25626 17 446 18016 8151
5048 1423.02 809 36596 58 740 10788 24915
5040 1442.42 853 40979 357 0 15413 24787
5048 1423.02 242 35572 3 198 12334 22412
5040 1442.42 715 20732 681 0 10861 9699
5048 1423.02 1411 48840 873 542 13107 35812
5040 1442.42 33 25740 16 0 18210 7289
5048 1423.02 2 19227 21 0 8457 11167
5040 1442.42 767 18275 326 436 4055 13585
5048 1423.02 3413 35935 2757 731 13000 23421
5040 1442.42 273 34808 7 277 13429 19954
5048 1423.02 1130 40914 683 441 15443 24042
5040 1442.42 1552 45184 829 735 17914 28272
5048 1423.02 2114 34423 1666 444 11416 22261
5040 1442.42 234 32133 230 0 11319 19166
5048 1423.02 1069 45303 488 722 25755 19776
5040 1442.42 596 35204 335 184 12168 23292
5048 1423.02 1847 21044 959 775 8598 12112
5040 1442.42 886 35400 841 0 14494 21386
5048 1423.02 1360 33905 1028 329 16252 18252
5040 1442.42 188 26321 233 0 14537 10855
5048 1423.02 1779 24364 1083 692 13768 10075
5040 1442.42 1208 38392 313 953 12716 24962
5048 1423.02 1095 42700 3 1171 18014 23279
5040 1442.42 171 24227 99 0 23293 1324
5048 1423.02 1677 25774 315 1282 13639 12222
5040 1442.42 878 50598 164 698 12452 37567
5048 1423.02 1600 36984 940 624 17941 18371
5040 1442.42 956 46213 316 622 13755 31560
5048 1423.02 460 34568 6 498 10364 23639
5040 1442.42 801 25359 279 459 10451 15012
5048 1423.02 1497 24499 1137 253 11038 13120
5040 1442.42 1325 26801 54 170 9626 16465
5048 1423.02 476 28724 61 450 11047 18450
5040 1442.42 1113 36901 386 703 10021 25854
5048 1423.02 195 47038 14 214 14791 31768
5040 1442.42 697 37495 440 213 11476 25717
5048 1423.02 300 13345 162 164 8608 4952
5040 1442.42 1056 23174 489 568 14612 9782
5048 1423.02 1979 44800 1724 274 18259 26207
5040 1442.42 951 27700 636 233 24068 2795
5048 1423.02 3956 43254 3974 0 24219 18454
5040 1442.42 1511 28843 1350 179 15157 12783
5048 1423.02 2114 44974 1858 220 31740 11923
5040 1442.42 1242 46228 707 462 15240 30921
5048 1423.02 1871 26595 1295 0 15329 12550
5040 1442.42 315 27253 138 195 6281 19931
5048 1423.02 560 35950 536 0 22587 12263
5040 1442.42 546 31850 34 431 18081 13272
5048 1423.02 3108 27519 1218 0 15877 11291
5040 1442.42 2254 35118 1563 663 11265 23847
5048 1423.02 263 31041 314 0 20908 9460
5040 1442.42 2523 40652 1261 654 19021 21863
5048 1423.02 1852 31456 1904 0 16299 14927
5040 1442.42 -32 13700 23 0 10884 2607
5048 1423.02 343 23060 112 239 17220 6367
5040 1442.42 715 50796 192 432 11693 38596
5048 1423.02 1506 40944 332 1098 16538 23669
5040 1442.42 482 38381 257 225 13570 25635
5048 1423.02 2549 37129 1467 1021 9220 27190
5040 1442.42 680 38049 653 0 13867 21888
5048 1423.02 1158 20523 1186 0 10343 10053
5040 1442.42 36 24874 5 0 11855 13315
5048 1423.02 1841 45844 773 417 19092 25440
5040 1442.42 703 22029 415 177 12653 9499
5048 1423.02 395 52958 44 319 16232 36530
5040 1442.42 415 43627 429 0 8478 35369
5048 1423.02 673 32818 640 0 18585 15509
5040 1442.42 1265 23408 962 208 12344 11222
5048 1423.02 2057 51618 1509 513 16168 34352
5040 1442.42 1424 22496 465 932 10225 11799
5048 1423.02 492 27573 204 261 12258 15604
5040 1442.42 1014 29561 248 732 12716 15887
5048 1423.02 689 41539 671 0 12720 27845
5048 1423.02 220 40216 243 0 16000 24535
5040 1442.42 3171 32966 1159 1873 10173 23161
5040 1442.42 873 15630 817 0 15633 0
5048 1423.02 1953 23302 1822 156 12201 10841
5040 1442.42 1469 38155 944 457 8236 30092
5048 1423.02 56 41651 26 0 9249 31673
5040 1442.42 545 53389 575 0 20911 31424
5048 1423.02 1366 46125 477 912 14588 31064
5040 1442.42 632 32852 63 582 9726 22563
5048 1423.02 941 32245 196 302 16454 15488
5040 1442.42 355 32439 322 0 23567 8404
5048 1423.02 2276 40971 2316 0 12380 29222
5040 1442.42 62 9159 0 0 5862 3434
5048 1423.02 731 36312 13 833 12964 23706
5040 1442.42 2235 34374 1842 266 20515 14284
5048 1423.02 2046 32138 1485 505 17630 13841
5040 1442.42 3252 54458 227 483 28676 25804
5048 1423.02 788 36546 158 667 23129 12115
5040 1442.42 1054 49977 712 267 10589 38452
5048 1423.02 839 36811 539 247 21338 15164
5040 1442.42 2468 41954 1470 904 14493 27255
5048 1423.02 1942 43272 1122 667 13541 29207
5040 1442.42 881 35326 220 649 8155 26526
5048 1423.02 487 56388 417 0 13984 41145
5040 1442.42 1289 27747 873 313 8503 18947
5048 1423.02 1988 35965 1355 609 15425 18892
5040 1442.42 880 36028 330 517 7992 27600
5048 1423.02 1947 18180 1636 260 7531 10262
5040 1442.42 786 23342 734 0 11801 11422
5048 1423.02 1240 18045 970 317 11835 7131
5040 1442.42 651 42821 280 323 8596 31892
5048 1423.02 1616 39055 353 1288 13896 24459
5040 1442.42 470 40555 431 0 30500 18653
5048 1423.02 695 41535 714 15 8751 31499
5040 1442.42 377 17858 399 0 5071 13370
5048 1423.02 1109 34735 588 499 8694 24914
5040 1442.42 1267 39437 996 226 10330 28756
5048 1423.02 1471 25533 1267 149 10730 14674
5040 1442.42 1512 36450 631 821 14635 21957
5048 1423.02 649 29205 183 431 8305 20052
5048 1423.02 663 44087 0 655 8290 36166
5040 1442.42 827 29430 530 228 11824 16346
5040 1442.42 232 23343 27 254 9209 12789
5048 1423.02 613 19590 329 284 14255 4896
5040 1442.42 1395 58949 343 952 20321 37222
5048 1423.02 943 31319 550 435 16007 13886
5040 1442.42 963 60254 650 237 28084 31272
5048 1423.02 1210 34961 1233 0 10501 23410
5040 1442.42 396 45202 239 170 23029 20461
5048 1423.02 1036 17839 659 234 10169 7705
5040 1442.42 -8 34742 1 0 11844 21846
5048 1423.02 415 40620 271 182 15374 24782
5040 1442.42 976 32149 116 416 16646 14612
5048 1423.02 982 37833 940 0 10758 27266
5040 1442.42 2113 54570 1041 1103 18167 36761
5048 1423.02 1164 31846 1192 0 21505 9635
5040 1442.42 1670 24967 1427 234 11380 13647
5048 1423.02 1932 65178 882 898 24258 41889
5040 1442.42 848 35454 528 304 11219 23147
5048 1423.02 315 34127 56 256 8782 24539
5040 1442.42 487 27093 250 247 18798 7057
5048 1423.02 1315 44133 1067 201 10955 32058
5040 1442.42 994 54028 281 759 16959 35877
5048 1423.02 295 34964 285 0 9818 24372
5040 1442.42 1647 49813 1148 513 9028 39840
5048 1423.02 1349 18597 1354 0 10964 7100
5040 1442.42 389 32297 18 340 17361 13238
5048 1423.02 604 49533 417 211 23018 26204
5040 1442.42 594 36897 374 221 18338 17911
5048 1423.02 496 24921 486 0 18094 6902
5040 1442.42 1006 53063 271 712 10300 41306
5048 1423.02 308 48255 366 0 13616 33740
5040 1442.42 715 33552 47 567 17879 16951
5048 1423.02 814 52014 864 0 37596 13360
5040 1442.42 262 50147 238 0 12032 37091
5048 1423.02 832 52505 174 578 20565 31919
5040 1442.42 1334 21213 1123 229 10540 10338
5048 1423.02 118 23432 78 0 14723 8708
5040 1442.42 820 40873 544 242 16558 24215
5048 1423.02 940 48171 28 887 13366 33630
5040 1442.42 1386 30271 202 1035 10845 18860
5048 1423.02 878 36154 74 357 6367 29666
5040 1442.42 892 25516 857 0 17283 8306
5048 1423.02 1637 29878 786 749 18307 12049
5040 1442.42 844 39053 258 500 11017 27314
5048 1423.02 1333 38857 735 0 9490 28638
5040 1442.42 2120 36983 1270 740 6091 30949
5048 1423.02 226 36977 233 0 9694 27390
#station_id r_mc scin_hg_tot_sig wcd_hg_tot_sig scin_hg_em_sig scin_hg_mu_sig wcd_hg_em_sig wcd_hg_mu_sig
5040 1442.42 1079 35428 1053 0 20802 15627
5048 1423.02 1474 61492 327 1025 16841 44661
5040 1442.42 632 29421 45 497 11466 17088
5048 1423.02 1074 12173 1051 0 8910 2621
5040 1442.42 1579 23933 1129 411 21400 1160
5048 1423.02 1512 47472 14 1516 28906 18753
5040 1442.42 725 48224 517 170 19482 29620
5048 1423.02 934 43870 676 199 24329 19105
5040 1442.42 1404 34199 744 693 12778 21952
5048 1423.02 2327 44764 2310 0 11974 31688
5040 1442.42 1141 21648 1189 0 11477 9893
5048 1423.02 393 36465 413 0 11575 24357
5040 1442.42 942 18520 604 254 8931 9837
5048 1423.02 1005 39121 637 330 15915 23414
5040 1442.42 1200 10201 1112 0 7315 2927
5048 1423.02 298 29162 70 230 17491 11307
5048 1423.02 917 65369 226 678 19464 45618
5040 1442.42 2081 51944 1556 613 10944 41455
5040 1442.42 1333 13348 826 418 12190 1269
5048 1423.02 1360 36896 117 1181 7082 29459
5040 1442.42 846 27644 342 429 9363 18818
5048 1423.02 1954 50636 1082 899 10765 38322
5040 1442.42 365 39165 335 0 24808 14779
5048 1423.02 1564 32625 514 423 15837 15830
5040 1442.42 2816 51151 1117 1731 10184 40918
5048 1423.02 2077 53057 1262 822 11408 39982
5040 1442.42 1332 35865 610 601 12919 22887
5048 1423.02 49 35239 1 0 8184 26413
5040 1442.42 925 68759 533 347 13718 55092
5048 1423.02 424 21881 196 215 7980 13476
5040 1442.42 672 44590 463 190 13096 30513
5048 1423.02 1434 31107 633 294 14563 16468
5040 1442.42 1275 41443 1234 0 12094 28815
5048 1423.02 1198 63274 989 113 17017 45176
5040 1442.42 1656 36868 1101 637 17349 19735
5048 1423.02 925 45090 270 647 11677 33822
5040 1442.42 255 13086 272 0 8219 4954
5048 1423.02 732 24228 677 0 11976 12023
5040 1442.42 651 39474 655 0 12917 25665
5048 1423.02 1598 30955 513 1018 12814 18079
5040 1442.42 1897 41782 1163 585 10467 31852
5048 1423.02 1217 52524 438 731 17116 34248
5040 1442.42 305 40435 93 203 17732 23260
5048 1423.02 576 35184 535 0 18376 16447
5040 1442.42 1102 36167 478 562 25494 10055
5048 1423.02 1026 40285 59 929 23732 15696
5040 1442.42 1650 39590 1125 597 22262 17225
5048 1423.02 1461 26558 1575 0 18310 8197
5040 1442.42 2288 53652 1301 308 9464 45350
5048 1423.02 967 71472 53 902 38110 31669
5040 1442.42 660 13990 663 0 8895 4763
5048 1423.02 2296 53141 1347 973 13743 38076
5040 1442.42 825 16235 558 250 12801 3728
5048 1423.02 395 71212 74 280 17660 53770
5040 1442.42 1880 27164 552 0 11242 15554
5048 1423.02 601 25763 94 284 8874 16788
5040 1442.42 488 26147 66 404 11040 13920
5048 1423.02 1602 60364 690 770 24069 37689
5040 1442.42 721 18816 57 640 10711 6870
5048 1423.02 460 33813 426 0 13164 19671
5040 1442.42 1208 38903 21 1202 8194 29992
5048 1423.02 557 47973 68 0 18543 29513
5040 1442.42 733 41882 580 175 14969 28449
5048 1423.02 1184 34701 120 964 14480 19418
5040 1442.42 596 31743 311 197 7873 23151
5048 1423.02 860 33296 595 284 13474 19515
5040 1442.42 1949 31862 1138 882 10314 20997
5048 1423.02 370 28182 95 286 8690 19666
5040 1442.42 563 36977 78 430 5698 29920
5048 1423.02 644 29430 643 0 17289 11275
5040 1442.42 188 38490 2 202 20122 18661
5048 1423.02 662 18023 409 202 9059 8426
5040 1442.42 1154 25354 750 432 10056 14644
5048 1423.02 746 45717 106 638 17276 28385
5040 1442.42 634 28835 13 544 12270 16386
5048 1423.02 832 37912 591 198 20381 17377
5040 1442.42 493 32152 449 0 9645 22781
5048 1423.02 621 37033 252 324 15288 21467
5040 1442.42 1108 21033 596 480 11501 9922
5048 1423.02 1159 56031 381 928 17230 39450
5040 1442.42 581 16984 69 487 14143 3231
5048 1423.02 1215 44741 517 603 10411 33464
5040 1442.42 855 24055 465 395 6193 18190
5048 1423.02 1300 37035 845 514 19585 17483
5040 1442.42 4 22375 101 0 9476 12824
5048 1423.02 528 54079 120 408 24369 28537
5040 1442.42 976 23238 640 0 15217 7730
5048 1423.02 561 26668 37 433 10050 15206
5040 1442.42 1858 59525 1336 415 22015 35664
5048 1423.02 768 27275 513 281 14379 13279
5040 1442.42 2173 35512 1359 746 19072 15970
5048 1423.02 2268 38030 1436 860 18560 19578
5040 1442.42 567 51526 263 242 10620 39619
5048 1423.02 1678 54660 810 941 9417 44040
5040 1442.42 726 30537 343 283 12698 17432
5048 1423.02 194 43148 0 170 10915 33145
5040 1442.42 1170 36833 780 408 9373 25385
5048 1423.02 1150 32709 488 385 12093 21371
5040 1442.42 240 49626 185 0 19753 30970
5048 1423.02 2149 18236 1576 545 12537 6190
5040 1442.42 863 23875 900 0 13873 9166
5048 1423.02 716 31937 509 222 12310 19543
5040 1442.42 2850 23572 1847 0 11090 11949
5048 1423.02 1257 27270 289 971 8894 18413
5040 1442.42 644 29430 640 0 8211 21585
5048 1423.02 1156 18581 28 585 10364 8007
5040 1442.42 2242 53717 1643 600 14547 39319
5048 1423.02 1131 17698 866 262 7554 9472
5040 1442.42 569 10348 424 184 5798 4031
5048 1423.02 734 36959 800 0 7129 29875
5040 1442.42 722 25085 545 162 10617 14724
5048 1423.02 1911 24914 575 1391 7539 17373
5040 1442.42 634 38637 557 0 22135 16418
5048 1423.02 513 34948 301 167 14341 19216
5040 1442.42 1466 32531 839 592 15521 16007
5048 1423.02 780 43766 26 783 22937 19751
5040 1442.42 1090 21351 802 328 9973 10825
5048 1423.02 -38 15992 39 0 12735 3340
5040 1442.42 1360 20725 1099 211 12435 8167
5048 1423.02 439 29985 396 0 10528 18828
5040 1442.42 1246 43152 572 633 14874 27783
5048 1423.02 898 50987 327 508 18396 33618
5040 1442.42 1658 42691 1684 0 14453 27931
5048 1423.02 1347 30228 1105 340 15919 14532
5040 1442.42 2135 40779 1031 1159 8154 31136
5048 1423.02 1269 35722 1285 0 19372 17491
5040 1442.42 1192 77506 672 462 11675 66003
5048 1423.02 1149 43578 12 1022 7549 36638
5040 1442.42 1058 32944 742 236 8835 24731
5048 1423.02 1450 59121 324 761 6735 51338
5040 1442.42 7 13992 40 0 11234 2645
5048 1423.02 464 32476 423 0 21557 10494
5040 1442.42 757 30843 745 0 10636 21067
5048 1423.02 1890 24163 1771 220 13384 10263
5040 1442.42 665 41221 502 160 6516 34731
5048 1423.02 1045 19820 1038 0 6393 13440
5040 1442.42 1329 39625 974 282 10519 29611
5048 1423.02 1051 32826 904 169 11346 20865
5040 1442.42 777 53577 215 212 23440 29154
5048 1423.02 659 46259 644 0 18086 27260
5040 1442.42 1516 16937 1044 476 7191 10251
5048 1423.02 493 30649 135 387 9584 20718
5040 1442.42 2819 26679 2834 0 11314 15926
5048 1423.02 1924 37164 628 1277 12318 24831
5040 1442.42 298 47465 318 0 15726 32429
5048 1423.02 1813 34213 1656 172 8481 25235
5040 1442.42 1826 72085 683 1151 23021 49086
5048 1423.02 37 47714 8 0 13915 31771
5040 1442.42 1714 17390 1684 0 11951 5834
5048 1423.02 739 22342 722 0 12059 9733
5040 1442.42 997 15555 471 571 10222 5101
5048 1423.02 815 43395 540 332 10822 32211
5040 1442.42 80 44535 76 0 30162 14675
5048 1423.02 120 17450 101 0 11956 5582
5040 1442.42 1323 30226 70 642 8962 21727
5048 1423.02 211 31666 0 165 9309 21726
5040 1442.42 1100 42927 382 713 20735 21566
5048 1423.02 1944 52127 1490 489 19747 32166
5040 1442.42 341 42506 277 0 13385 28892
5048 1423.02 612 33764 117 364 12579 20706
5040 1442.42 536 43261 242 261 22715 21323
5048 1423.02 660 52295 255 346 22241 28826
5040 1442.42 612 35648 21 645 8371 26933
5048 1423.02 2104 35561 1653 431 17501 19084
5040 1442.42 1448 37367 705 747 15668 22691
5048 1423.02 280 43554 273 0 19406 24547
5040 1442.42 533 35516 546 0 13414 21767
5048 1423.02 1192 50601 955 216 18851 32162
5040 1442.42 930 38884 323 569 15733 23441
5048 1423.02 2303 43547 1577 763 14446 28462
5040 1442.42 67 24545 103 0 9099 15625
5048 1423.02 552 31575 354 174 8259 22373
5040 1442.42 2590 27889 675 0 14964 12493
5048 1423.02 757 26812 431 401 9212 17334
5040 1442.42 916 17343 380 437 10945 7061
5048 1423.02 1280 42121 139 1152 11324 30930
5040 1442.42 537 39190 4 526 9653 30603
5048 1423.02 1042 53388 765 307 18132 34830
5040 1442.42 2300 50246 1918 277 18198 32545
5048 1423.02 1734 27143 1337 521 16700 10502
5040 1442.42 519 27077 69 418 11153 16560
5048 1423.02 718 38958 690 0 12321 25568
5040 1442.42 1450 32209 1087 362 16850 14490
5048 1423.02 1373 45820 770 535 13799 31642
5040 1442.42 3018 40326 2564 253 22557 19406
5048 1423.02 905 53116 0 862 17845 33999
5040 1442.42 1444 31746 1023 412 7335 24279
5048 1423.02 694 29365 692 0 10855 18999
5040 1442.42 1365 36070 1075 290 13905 21858
5048 1423.02 392 12346 55 375 8145 3326
5040 1442.42 553 40381 15 566 17340 22381
5048 1423.02 651 33400 45 573 10499 22649
5040 1442.42 1268 51245 448 855 11711 39257
5048 1423.02 790 48833 390 259 23065 26084
5040 1442.42 654 44124 673 0 9091 34440
5048 1423.02 283 13477 5 326 8807 5317
5040 1442.42 1346 30813 1087 291 14532 15765
5048 1423.02 886 54376 240 0 12027 41160
5040 1442.42 1043 35915 758 223 8260 26411
5048 1423.02 1173 32310 416 766 7795 23553
5040 1442.42 680 20043 635 0 13380 7028
5048 1423.02 822 51570 474 298 15328 36457
5040 1442.42 556 41375 609 0 36563 5181
5048 1423.02 737 35187 544 226 14152 20771
5040 1442.42 435 26913 197 198 7959 17936
5048 1423.02 1452 44790 614 752 16788 27054
5040 1442.42 1825 31770 1646 154 14474 16107
5048 1423.02 1514 45308 728 736 16835 28736
5040 1442.42 1458 22203 1174 273 14308 7147
5048 1423.02 1716 44517 947 679 25985 18351
5040 1442.42 1323 19006 248 1149 6007 12296
5048 1423.02 660 29915 159 382 7496 22434
5048 1423.02 2381 46707 1897 269 14732 32968
5040 1442.42 1796 40716 1540 168 21188 18265
5048 1423.02 615 37549 360 265 22445 15775
5040 1442.42 921 36307 663 189 14642 22020
5040 1442.42 579 23282 21 554 13527 9587
5048 1423.02 452 24847 191 337 13666 10224
5040 1442.42 1374 31137 886 442 14641 15666
5048 1423.02 679 22925 60 597 9335 13719
5040 1442.42 32 32427 4 17 8960 22931
5048 1423.02 1082 24593 211 908 8542 15015
5040 1442.42 641 13661 658 0 8890 4871
5048 1423.02 410 46977 201 208 12571 33246
#station_id r_mc scin_hg_tot_sig wcd_hg_tot_sig scin_hg_em_sig scin_hg_mu_sig wcd_hg_em_sig wcd_hg_mu_sig
5040 1442.42 1919 35996 996 943 13667 21839
5048 1423.02 1652 54341 839 771 16403 36973
5040 1442.42 0 33036 0 0 23583 10048
5048 1423.02 1169 42847 824 309 10608 31056
5040 1442.42 492 29862 370 0 25216 4414
5048 1423.02 884 66068 201 726 28497 37067
5040 1442.42 989 47357 1019 0 29383 17046
5048 1423.02 327 42018 298 0 16924 26822
5040 1442.42 1151 37558 326 763 13485 23235
5048 1423.02 763 28935 470 239 12378 16621
5040 1442.42 2358 60159 1939 442 30906 29149
5048 1423.02 592 28416 538 0 16176 12171
5040 1442.42 737 31515 732 0 13903 16030
5048 1423.02 145 24899 166 0 15177 7852
5040 1442.42 832 57910 739 179 10438 46376
5048 1423.02 2108 17714 409 0 6862 11283
5040 1442.42 908 13220 632 222 5776 7411
5048 1423.02 1977 42405 1231 787 11500 29214
5040 1442.42 553 18254 273 296 18049 0
5048 1423.02 1062 45115 405 640 19962 23325
5040 1442.42 913 29660 843 0 12684 16264
5048 1423.02 245 26724 0 264 12321 14999
5040 1442.42 607 33210 503 153 21116 12036
5048 1423.02 777 35585 447 330 11377 24642
5040 1442.42 1925 52068 1781 0 17132 34999
5048 1423.02 775 43007 45 728 14358 28915
5040 1442.42 1439 25098 1126 258 13461 11368
5048 1423.02 742 21290 731 0 14324 6927
5040 1442.42 740 17267 791 0 14194 3940
5048 1423.02 1723 28828 612 991 15444 12685
5040 1442.42 557 22530 551 0 11371 10264
5048 1423.02 795 30101 516 435 12812 16128
5040 1442.42 1282 33642 270 830 17138 16817
5048 1423.02 1074 17447 838 340 10834 6132
5040 1442.42 1157 58089 209 903 19218 37567
5048 1423.02 1136 35521 541 557 15337 20515
5040 1442.42 1271 11564 1325 0 11042 1063
5048 1423.02 555 53710 1 566 20153 33992
5040 1442.42 555 25475 409 180 4434 20709
5048 1423.02 381 14985 128 253 7997 6863
5040 1442.42 693 47243 11 651 14800 33087
5048 1423.02 670 22406 284 364 15860 6458
5040 1442.42 501 50585 349 203 17014 34692
5048 1423.02 1300 28743 707 526 16114 12116
5040 1442.42 1539 33910 881 686 16308 16672
5048 1423.02 266 38791 45 198 14902 23171
5040 1442.42 479 42423 480 0 15023 25920
5048 1423.02 265 34380 336 0 12747 21501
5040 1442.42 347 32932 334 0 22139 9879
5048 1423.02 891 45607 374 515 27253 18795
5040 1442.42 799 39112 490 256 9537 29122
5048 1423.02 1245 66367 863 312 13112 52428
5040 1442.42 438 35558 287 213 10369 24162
5048 1423.02 402 44923 408 0 30215 13489
5040 1442.42 1141 36374 677 413 22960 12576
5048 1423.02 2290 23932 1990 278 14362 9319
5040 1442.42 713 40119 559 236 14234 25959
5048 1423.02 51 25557 46 0 19528 4349
5040 1442.42 1303 38988 882 409 14971 23012
5048 1423.02 762 20375 332 507 7287 12624
5040 1442.42 2328 41252 2204 154 18913 22139
5048 1423.02 1301 51520 815 389 19667 31191
5040 1442.42 835 44387 769 104 22861 22675
5048 1423.02 1220 46818 426 819 21553 26716
5040 1442.42 846 17435 437 0 9024 7990
5048 1423.02 211 22956 29 205 10565 13236
5040 1442.42 588 17774 451 228 12206 5800
5048 1423.02 1110 26711 905 159 8872 18645
5040 1442.42 1316 34993 831 431 8525 26831
5048 1423.02 1569 30552 873 729 11889 18493
5040 1442.42 1493 36817 1344 151 15132 20806
5048 1423.02 560 36288 280 249 20762 16440
5040 1442.42 1107 33761 699 422 10733 24319
5048 1423.02 1003 16697 1029 0 15559 724
5040 1442.42 154 23861 194 0 6922 15614
5048 1423.02 783 24513 292 405 11370 14003
5040 1442.42 300 18179 8 325 13238 4588
5048 1423.02 1312 43039 605 733 14650 28496
5040 1442.42 1466 50661 429 953 22525 26996
5048 1423.02 802 38389 229 566 17791 20514
5040 1442.42 66 38349 0 0 22870 14991
5048 1423.02 1365 39727 1050 271 26566 14328
5040 1442.42 2002 47276 466 1431 13157 35174
5048 1423.02 795 12722 215 521 8898 4250
5040 1442.42 1701 55385 1039 716 15206 40055
5048 1423.02 151 33667 186 0 9166 24216
5040 1442.42 536 27172 77 358 9214 18333
5048 1423.02 1491 47921 1068 518 11343 35500
5040 1442.42 570 14572 450 180 7520 6668
5048 1423.02 1414 31498 747 666 11894 19597
5040 1442.42 952 40294 706 267 19628 19861
5048 1423.02 570 27848 215 284 25506 3282
5040 1442.42 643 23290 625 0 17339 5663
5048 1423.02 825 41753 302 481 20461 21982
5040 1442.42 778 17467 815 0 12916 4538
5048 1423.02 1077 29611 719 336 13440 15791
5040 1442.42 1160 37073 612 503 15642 21988
5048 1423.02 1852 44814 977 709 17601 26660
5048 1423.02 1510 62537 989 425 8768 55340
5040 1442.42 1041 27815 375 614 8039 19547
5040 1442.42 26 16814 0 0 16913 0
5048 1423.02 626 57012 594 0 47295 9767
5040 1442.42 290 31583 280 0 10627 20127
5048 1423.02 661 36797 103 550 7873 28518
5040 1442.42 2441 38917 2214 208 13077 25545
5048 1423.02 262 38226 20 226 17757 19664
5040 1442.42 1608 32648 1282 295 9023 22798
5048 1423.02 605 59564 167 421 13871 44739
5040 1442.42 135 44451 140 25 15587 29021
5048 1423.02 2041 39874 1816 284 16420 22772
5040 1442.42 1058 49902 1097 0 15857 34811
5048 1423.02 1394 26426 1331 0 20283 6582
5040 1442.42 752 21371 451 300 13055 8141
5048 1423.02 663 34852 348 258 13474 22231
5040 1442.42 1199 18008 984 145 8314 9123
5048 1423.02 1445 45339 1244 157 9247 34710
5040 1442.42 1063 27647 1041 0 15361 12210
5048 1423.02 817 44494 307 494 25590 19385
5040 1442.42 1128 33578 12 1112 6466 26320
5048 1423.02 379 42430 156 213 18341 24642
5040 1442.42 452 20270 449 0 15423 4971
5048 1423.02 1109 38083 290 314 17950 20397
5040 1442.42 767 26138 294 436 16069 9940
5048 1423.02 529 35532 17 537 12759 22699
5040 1442.42 1580 49665 256 1170 12655 36676
5048 1423.02 407 46183 27 335 17070 30420
5040 1442.42 1283 14656 819 396 6667 7441
5048 1423.02 1198 20508 74 679 9280 10315
5040 1442.42 749 19984 463 223 8410 11434
5048 1423.02 319 47916 43 327 19210 28809
5040 1442.42 361 43596 53 278 12783 30819
5048 1423.02 967 46736 670 289 10898 36302
5040 1442.42 1291 22265 731 462 11753 10501
5048 1423.02 1374 20858 1099 348 6806 13663
5040 1442.42 1039 32036 568 480 11399 19857
5048 1423.02 826 41533 580 227 9855 30869
5040 1442.42 498 39496 472 0 7866 30035
5048 1423.02 613 39599 107 620 14837 25684
5040 1442.42 606 20153 2 556 7826 10843
5048 1423.02 1327 37569 1316 0 11892 25155
5040 1442.42 2193 34404 866 1279 7734 26319
5048 1423.02 1657 45328 949 708 14024 30284
5040 1442.42 277 27621 203 0 15875 9683
5048 1423.02 291 36025 5 298 19149 16989
5040 1442.42 384 41860 90 271 11104 29999
5048 1423.02 497 35121 277 238 20733 14229
5040 1442.42 686 21819 666 0 5521 16499
5048 1423.02 1397 34501 816 633 15337 17855
5040 1442.42 240 25187 209 0 10534 13583
5048 1423.02 1210 38570 947 333 8940 28875
5048 1423.02 727 46722 387 361 9705 35977
5040 1442.42 1433 58641 377 1003 20919 38095
5040 1442.42 1522 27525 98 1325 17927 8935
5048 1423.02 739 45079 402 268 28896 15440
5040 1442.42 688 31927 0 732 10981 21087
5048 1423.02 1208 42433 998 244 21451 19892
5040 1442.42 449 36380 165 281 10304 25565
5048 1423.02 1414 37581 406 1006 14403 22175
5040 1442.42 468 29264 459 0 22703 6358
5048 1423.02 478 49003 37 487 16031 33665
5040 1442.42 1087 26443 395 708 15156 10893
5048 1423.02 1057 32101 804 194 14485 15956
5040 1442.42 1195 39432 800 375 16264 22685
5048 1423.02 556 26834 298 262 8498 17577
5040 1442.42 1485 31282 783 673 23147 9022
5048 1423.02 449 36366 5 481 18790 16723
5040 1442.42 1230 23287 1010 239 7742 14712
5048 1423.02 1368 50261 670 591 13917 36601
5040 1442.42 930 30678 248 672 10443 20616
5048 1423.02 953 30784 560 355 14010 16009
5040 1442.42 1209 28942 234 839 11190 18160
5048 1423.02 616 31527 0 590 11912 19548
5040 1442.42 1106 28092 1062 0 14236 12791
5048 1423.02 877 33905 63 796 15922 18325
5040 1442.42 1310 43077 833 490 17272 26936
5048 1423.02 535 43429 3 503 13261 31424
5040 1442.42 1966 43278 1262 748 21029 21793
5048 1423.02 264 17610 5 286 16788 857
5040 1442.42 1589 20672 1320 214 4487 15374
5048 1423.02 1141 25662 560 424 6864 17825
5040 1442.42 40 31556 28 0 11798 20473
5048 1423.02 1598 17141 1624 0 12316 4847
5040 1442.42 466 10912 485 0 8806 1576
5048 1423.02 1001 39042 503 473 9397 28377
5040 1442.42 947 36815 974 0 13453 21870
5048 1423.02 206 19591 57 192 12172 6551
5040 1442.42 510 42371 4 524 13577 28895
5048 1423.02 1200 53070 137 1077 19973 32535
5040 1442.42 434 38787 35 428 15668 23068
5048 1423.02 641 50493 318 379 17088 32850
5040 1442.42 592 54480 442 139 19837 32867
5048 1423.02 757 26459 300 469 13425 11934
5040 1442.42 864 21754 865 0 14231 8056
5048 1423.02 894 38491 501 466 11935 26431
5040 1442.42 1012 24408 196 617 13330 12202
5048 1423.02 -7 28604 58 0 22508 6592
5040 1442.42 49 15013 47 0 8293 6890
5048 1423.02 986 15773 992 0 7410 7836
5040 1442.42 360 15751 324 0 14269 1876
5048 1423.02 221 27755 24 233 9946 17413
5040 1442.42 140 32104 0 106 7437 24485
5048 1423.02 1114 27620 219 613 9020 18571
5040 1442.42 481 37943 21 351 12776 24717
5048 1423.02 461 30369 449 0 16656 14386
5040 1442.42 367 14156 44 356 10176 3696
5048 1423.02 875 46999 480 294 12044 33577
5040 1442.42 1475 46977 223 1252 12732 33949
5048 1423.02 2121 59480 1097 1022 34067 25946
5040 1442.42 1630 52507 702 884 21588 28901
5048 1423.02 2293 43933 961 1328 30008 13757
5040 1442.42 205 29752 202 0 21606 7440
5048 1423.02 1108 18420 664 401 14770 3234
5040 1442.42 97 26621 48 0 8738 16523
5048 1423.02 197 21468 15 199 6242 15328
5040 1442.42 141 38819 0 134 12725 26268
5048 1423.02 2036 20477 474 1638 12962 7598
5040 1442.42 6 27249 47 0 17877 9353
5048 1423.02 961 29582 77 786 15816 15303
5040 1442.42 250 35172 85 175 8662 25888
5048 1423.02 1101 52198 492 580 13224 40058
5040 1442.42 1989 25181 1051 872 16540 7071
5048 1423.02 1488 12835 67 1362 11545 1030
5040 1442.42 322 39153 0 325 18847 19421
5048 1423.02 2652 22909 1855 777 10365 11229
#station_id r_mc scin_hg_tot_sig wcd_hg_tot_sig scin_hg_em_sig scin_hg_mu_sig wcd_hg_em_sig wcd_hg_mu_sig
5040 1442.42 1390 55178 313 1061 5820 50227
5048 1423.02 1942 28345 812 1123 12661 14539
5040 1442.42 945 32524 292 206 8372 23239
5048 1423.02 587 36792 570 0 9671 28124
5040 1442.42 1665 41511 1358 294 21050 20492
5048 1423.02 880 35267 817 0 16842 18146
5040 1442.42 2195 31986 460 1672 9840 21758
5048 1423.02 627 25791 548 0 13830 11329
5040 1442.42 606 23174 199 409 8603 14212
5048 1423.02 485 38111 255 202 12620 24969
5040 1442.42 1341 42370 752 549 11062 30477
5048 1423.02 982 56965 1007 0 16473 41995
5040 1442.42 908 45189 16 883 21901 22860
5048 1423.02 950 38098 360 529 17219 20183
5040 1442.42 2304 48623 1183 1145 11437 36170
5048 1423.02 4139 46658 3514 493 17682 28460
5040 1442.42 2493 29554 1028 1442 7049 21042
5048 1423.02 2451 32825 658 1743 7681 25099
5040 1442.42 1009 33936 535 460 13274 21307
5048 1423.02 1258 37804 945 312 9756 28230
5040 1442.42 443 37259 475 0 16642 20971
5048 1423.02 372 41346 60 333 20646 20293
5040 1442.42 887 10909 850 0 4670 6235
5048 1423.02 1676 32960 602 1133 17164 15451
5040 1442.42 2064 36242 1098 1035 14737 20836
5048 1423.02 988 42801 676 243 25869 16651
5040 1442.42 422 49220 349 0 14928 33803
5048 1423.02 961 45237 506 361 8730 37456
5040 1442.42 1838 40979 706 1145 12883 26957
5048 1423.02 1413 30710 1113 253 13090 17555
5040 1442.42 1293 30378 1219 0 21485 8098
5048 1423.02 1711 33594 1127 477 16108 16900
5040 1442.42 455 32331 32 502 9992 21637
5048 1423.02 1519 11280 135 1369 9090 1649
5040 1442.42 1610 47760 1344 252 10475 36251
5048 1423.02 1719 43085 475 1306 19032 23210
5040 1442.42 1145 23844 1146 0 11634 12928
5048 1423.02 1937 39059 1314 586 13634 24681
5040 1442.42 254 22675 49 194 10160 10983
5048 1423.02 1389 37946 524 853 10695 26802
5040 1442.42 1224 25369 520 795 10684 13805
5048 1423.02 1520 50834 1530 0 12604 37302
5040 1442.42 543 31586 282 231 12243 17646
5048 1423.02 963 53343 37 829 13124 40143
5040 1442.42 826 19501 765 0 10756 8821
5048 1423.02 326 37498 366 0 19872 17533
5040 1442.42 678 24864 694 0 11205 14199
5048 1423.02 2944 28689 2049 919 6389 22108
5040 1442.42 394 23180 108 251 15631 8067
5048 1423.02 443 36232 457 20 17091 20024
5040 1442.42 2589 45458 242 2330 7000 38352
5048 1423.02 708 23980 366 0 11707 12739
5040 1442.42 951 35593 900 0 15261 20784
5048 1423.02 709 33824 344 274 15119 17892
5040 1442.42 212 33022 23 192 13884 18707
5048 1423.02 413 29135 5 415 24103 5875
5040 1442.42 199 28430 190 0 11069 15580
5048 1423.02 1296 35713 477 805 19216 16949
5040 1442.42 1004 31530 686 280 6389 25321
5048 1423.02 767 26253 416 289 11957 13259
5040 1442.42 2162 31519 352 318 14366 17817
5048 1423.02 1929 58764 697 1228 14974 42883
5040 1442.42 1152 28182 580 556 23363 4604
5048 1423.02 2949 61441 2033 858 25217 37337
5040 1442.42 734 34657 443 232 9397 24092
5048 1423.02 2663 44294 2096 565 18330 26034
5040 1442.42 1740 32120 708 894 14204 17350
5048 1423.02 764 26397 171 218 11131 15904
5040 1442.42 748 15397 712 0 12489 2876
5048 1423.02 284 49333 79 253 14711 34645
5040 1442.42 2077 50999 1399 673 9677 41388
5048 1423.02 850 42270 98 717 21729 18792
5040 1442.42 1284 20764 991 283 9257 11241
5048 1423.02 755 29275 405 320 21042 8489
5040 1442.42 1160 35717 961 183 15889 19319
5048 1423.02 -19 16836 0 0 11069 5960
5040 1442.42 1819 27941 1793 0 16153 12171
5048 1423.02 741 41015 299 0 15424 24537
5040 1442.42 773 41146 364 436 14453 27136
5048 1423.02 44 21709 40 0 9717 11483
5040 1442.42 1905 49125 332 825 14220 34305
5048 1423.02 2604 50943 2420 0 13945 37510
5040 1442.42 11 19570 11 0 10879 9442
5048 1423.02 1634 39163 936 790 12374 26731
5040 1442.42 479 26355 452 0 14659 10430
5048 1423.02 937 37633 255 647 21892 17016
5040 1442.42 2040 38309 230 1824 18497 21930
5048 1423.02 1224 55275 936 308 32587 22013
5040 1442.42 1198 35820 425 793 11460 24998
5048 1423.02 1618 48518 3 1273 10359 38349
5040 1442.42 463 48004 0 496 19028 29017
5048 1423.02 797 34269 409 336 9146 24381
5040 1442.42 1439 47498 1239 256 11545 36540
5048 1423.02 1977 33257 1643 299 15273 17863
5040 1442.42 534 27698 627 0 15119 12809
5048 1423.02 1464 61620 479 949 22043 39857
5040 1442.42 2235 24241 1343 842 14869 9305
5048 1423.02 1589 35295 708 925 18843 16533
5040 1442.42 597 49168 555 0 18170 31216
5048 1423.02 771 59606 801 0 13053 47067
5040 1442.42 408 35366 5 408 11224 24930
5048 1423.02 944 36090 550 460 16181 20142
5040 1442.42 849 44315 599 214 13488 30451
5048 1423.02 1147 22902 1077 0 14729 7185
5040 1442.42 1802 56437 659 1187 19806 36177
5048 1423.02 238 27257 229 0 12021 14109
5040 1442.42 3217 33377 129 936 15550 18292
5048 1423.02 1860 70637 548 1355 27297 43842
5040 1442.42 965 21028 806 0 16711 4270
5048 1423.02 241 39382 252 0 14784 24069
5040 1442.42 2465 56177 1599 735 16857 39302
5048 1423.02 898 41634 560 286 14888 25833
5040 1442.42 870 35726 517 363 12376 23080
5048 1423.02 966 48954 913 0 20426 28449
5040 1442.42 1528 39939 1044 492 14053 26288
5048 1423.02 423 22154 214 216 14697 6701
5040 1442.42 2649 36308 1016 593 14878 20819
5048 1423.02 954 30340 779 167 13788 17093
5040 1442.42 821 48455 790 0 14279 32683
5048 1423.02 1584 35139 335 1362 12454 21875
5040 1442.42 1193 14842 429 850 10403 4934
5048 1423.02 1460 44019 142 1301 10987 32699
5040 1442.42 981 34474 316 655 22531 11527
5048 1423.02 1506 47075 380 1168 17801 28539
5040 1442.42 691 34149 285 454 8795 25110
5048 1423.02 145 22976 9 155 9309 13345
5040 1442.42 3105 16681 1888 1115 7225 8914
5048 1423.02 848 23644 280 567 12211 10612
5040 1442.42 1654 34539 908 746 5779 29999
5048 1423.02 485 37621 319 199 17935 19138
5040 1442.42 1739 35215 79 1565 8046 27279
5048 1423.02 1987 30638 1153 758 21517 9089
5040 1442.42 517 33605 481 0 16084 16727
5048 1423.02 2222 30663 929 1190 15859 14408
5040 1442.42 1677 21235 1063 686 14170 7183
5048 1423.02 639 34250 136 487 8656 26714
5040 1442.42 1496 39669 624 901 14347 24425
5048 1423.02 923 35033 13 862 11530 22739
5040 1442.42 578 33055 0 526 18985 14965
5048 1423.02 1111 21490 290 688 9543 11355
5040 1442.42 1092 52069 448 630 14140 37999
5048 1423.02 1331 24525 1049 270 12987 11360
5040 1442.42 179 27881 215 0 10320 17097
5048 1423.02 662 26854 591 0 11257 15587
5040 1442.42 860 30768 735 185 18117 10739
5048 1423.02 992 28307 502 408 9781 19038
5040 1442.42 469 37724 461 0 21369 15195
5048 1423.02 2675 51376 1046 1613 19679 32875
5040 1442.42 1670 22475 825 807 8051 14850
5048 1423.02 573 23468 594 0 10556 13196
5040 1442.42 386 24946 359 0 12022 12848
5048 1423.02 849 9369 291 564 6281 2294
5040 1442.42 1172 26694 0 598 6315 20205
5048 1423.02 728 24397 316 346 11520 12850
5040 1442.42 1520 19276 590 849 9822 9873
5048 1423.02 859 39856 7 790 15487 24637
5040 1442.42 837 39708 437 416 14902 24496
5048 1423.02 1943 46363 689 1188 13261 32118
5040 1442.42 5 31422 0 0 10621 20587
5048 1423.02 761 32593 527 218 12596 19665
5040 1442.42 526 37368 273 269 10222 26801
5048 1423.02 919 23678 692 217 10406 13011
5040 1442.42 1299 20492 898 496 14075 6593
5048 1423.02 1624 41971 0 1711 13326 27349
5040 1442.42 235 55599 148 111 13012 42715
5048 1423.02 468 43595 202 223 16302 27320
5040 1442.42 453 32249 425 0 12048 20393
5048 1423.02 378 33736 158 218 13312 19931
5040 1442.42 262 26128 0 224 13769 12331
5048 1423.02 307 19358 268 0 15656 2393
5040 1442.42 931 48853 959 0 29961 17962
5048 1423.02 308 32913 302 0 21964 10078
5040 1442.42 1785 50288 393 552 23819 26501
5048 1423.02 -4 29812 14 0 15994 14663
5040 1442.42 826 26946 531 276 9431 15806
5048 1423.02 230 35691 63 218 19331 15002
5040 1442.42 617 41391 562 0 22787 17900
5048 1423.02 473 40270 541 0 22286 17779
5040 1442.42 940 36959 281 678 10052 26537
5048 1423.02 1368 41839 983 327 13532 27112
5040 1442.42 1294 34382 1012 240 11983 22339
5048 1423.02 418 35176 73 325 14749 19139
5040 1442.42 178 21233 27 219 6007 14027
5048 1423.02 815 41023 653 167 6484 33496
5040 1442.42 819 25979 481 340 10540 15410
5048 1423.02 1370 69754 507 847 18457 50100
5040 1442.42 2616 24476 339 286 10208 14997
5048 1423.02 1034 58411 750 247 10899 46609
5040 1442.42 662 44963 623 0 21042 24313
5048 1423.02 2020 34152 1366 629 21292 12126
5040 1442.42 1281 46027 368 875 15335 30812
5048 1423.02 1558 62137 726 816 16636 46030
5040 1442.42 1173 29377 767 382 17438 10988
5048 1423.02 689 32346 345 298 16197 15104
5040 1442.42 352 23660 144 183 10807 12208
5048 1423.02 254 53832 110 163 16576 36197
5040 1442.42 1288 62626 1150 215 10581 52256
5048 1423.02 1220 27628 1274 0 17478 9515
5040 1442.42 321 18992 267 0 13432 5050
5048 1423.02 2657 33573 64 758 15380 17510
5040 1442.42 1351 54063 123 1253 14080 38560
5048 1423.02 851 21982 268 584 10229 11788
5040 1442.42 2010 44608 1324 680 11937 31931
5048 1423.02 940 58068 366 639 16509 40322
5040 1442.42 1966 40722 164 1668 9296 31945
5048 1423.02 1051 52059 351 669 17538 33874
5040 1442.42 855 30430 209 687 13544 16385
5048 1423.02 601 41069 270 289 10593 28586
5040 1442.42 1673 33356 663 958 10004 23291
5048 1423.02 12 41697 11 0 12166 29016
5048 1423.02 575 59734 10 609 13188 47287
5040 1442.42 318 23487 43 0 13979 8767
5040 1442.42 1160 65544 1194 0 18163 46891
5048 1423.02 512 36859 180 240 13499 23482
5040 1442.42 136 53951 123 0 30122 23366
5048 1423.02 1067 53167 1065 0 26125 27410
5040 1442.42 2320 22681 1649 847 9656 12771
5048 1423.02 1418 29214 731 322 14684 14510
5040 1442.42 57 36821 35 0 14596 21642
5048 1423.02 1162 36314 602 513 18145 19028
5040 1442.42 1017 21581 794 177 6816 13828
5048 1423.02 3196 44144 1803 483 11427 32071
5048 1423.02 851 34554 820 0 14379 20185
5040 1442.42 810 48700 497 376 28876 19816
