#station_id r_mc scin_hg_tot_sig wcd_lg_tot_sig scin_hg_em_sig scin_hg_mu_sig wcd_lg_em_sig wcd_lg_mu_sig
5040 369.774 103306 82583 96185 7051 65968 16129
5048 382.542 97425 74497 86487 10005 56977 16991
5040 369.774 104676 81677 94159 9184 67348 13715
5048 382.542 104982 72460 93840 7704 59162 13032
5040 369.774 98273 75230 87777 6714 61927 12802
5048 382.542 98385 74004 88043 9283 59046 14517
5040 369.774 111900 79229 103076 7153 66577 12353
5048 382.542 93465 66526 87646 5670 55756 10154
5048 382.542 103608 70821 86559 9732 55543 14539
5040 369.774 116431 81704 105749 8787 64561 16929
5040 369.774 118378 86773 99898 14581 65900 20630
5048 382.542 95186 75051 78925 12094 55608 19143
5040 369.774 104680 85393 92053 10510 67713 17131
5048 382.542 102303 75153 91238 10265 57250 17651
5040 369.774 118754 94897 105825 9356 76968 17476
5048 382.542 103195 85716 88853 9327 68446 16800
5040 369.774 93097 77568 84238 8915 59503 17747
5048 382.542 110710 83663 93722 13959 61858 21068
5040 369.774 116228 94754 110099 9563 73670 20113
5048 382.542 111060 82464 95414 12220 62738 19196
5040 369.774 126569 99938 114536 10945 78491 20845
5048 382.542 108052 78174 94747 9374 64033 13463
5040 369.774 104036 82443 99213 7104 63460 18460
5048 382.542 92602 70120 81510 9849 51440 18205
5040 369.774 100457 77256 82507 12278 58223 18705
5048 382.542 93803 74186 80265 11452 57090 16682
5040 369.774 116793 85132 111362 7960 69342 15430
5048 382.542 96481 71886 90028 6261 60122 11063
5040 369.774 124896 89317 113283 7915 73699 14734
5048 382.542 101769 80565 91439 8668 63423 16333
5040 369.774 122546 94393 112611 11184 76201 17505
5048 382.542 120999 88309 104004 9652 71677 16095
5040 369.774 100123 79064 90760 7537 63555 14692
5048 382.542 93810 76453 84262 9166 61742 14196
5040 369.774 120043 95472 109414 13722 76313 18579
5048 382.542 97504 80447 88201 9660 61813 18494
5040 369.774 116663 93779 104005 11430 71581 21439
5048 382.542 103930 81172 87930 11926 61373 19685
5040 369.774 119340 93619 106450 11249 72791 20278
5048 382.542 98633 82240 85492 10769 65078 16610
5040 369.774 120624 95677 107736 14943 76294 18786
5048 382.542 101046 85727 90547 8340 68193 16697
5040 369.774 114642 92161 105469 9780 73195 18486
5048 382.542 103104 79876 92945 9754 63082 15914
5040 369.774 105556 78385 94957 9776 59761 17978
5048 382.542 104188 76651 92382 10556 57964 18239
5040 369.774 88567 76353 79344 8101 58532 17283
5048 382.542 86899 71771 69255 13762 52752 18806
5040 369.774 106446 84032 92671 10847 63669 19769
5048 382.542 90229 79749 78660 9037 59775 19480
5040 369.774 115471 88977 107460 12169 67122 21273
5048 382.542 90450 77724 79403 11370 61140 16209
5040 369.774 100560 85019 89145 10390 65313 18939
5048 382.542 103475 78957 93031 9438 60083 18181
5040 369.774 108035 86632 96432 11543 68665 17663
5048 382.542 95420 79860 80772 12235 61040 17877
5040 369.774 113536 77759 102474 10002 63414 13533
5048 382.542 106637 70369 95690 9797 55315 14207
5040 369.774 124261 100058 111070 11423 80303 19183
5048 382.542 120036 89274 109812 14089 71748 16822
5040 369.774 105023 81620 97800 5976 66949 14445
5048 382.542 99507 75790 91177 8097 61757 13708
5040 369.774 122548 85489 111401 11555 69629 15482
5048 382.542 96864 75884 89598 7184 61542 13834
5040 369.774 117967 86428 107473 9868 71019 14912
5048 382.542 101603 75193 91237 9224 62454 12280
5040 369.774 112379 76984 100856 10390 61900 14557
5048 382.542 99813 71302 86678 12140 53951 16665
5040 369.774 117841 93092 106988 9802 78161 14462
5048 382.542 114234 85683 101790 11741 67228 17778
5040 369.774 95311 80245 87910 8996 63198 16520
5048 382.542 95775 71656 82496 8467 55456 15487
5040 369.774 123836 96135 111934 11217 77341 18075
5048 382.542 106356 80942 93458 10651 61542 18734
5040 369.774 103200 83503 90165 11172 63566 19442
5048 382.542 99815 75681 86899 10695 57512 17324
5040 369.774 105746 84710 94067 11493 66262 18071
5048 382.542 89697 73667 77201 10868 55891 17600
5040 369.774 108479 86466 96876 9880 63853 22020
5048 382.542 95297 76445 76880 11855 55388 20700
5040 369.774 112284 83512 99683 10006 67716 14960
5048 382.542 102606 72861 92885 6809 57974 14193
5040 369.774 95879 75076 88667 5673 62739 12148
5048 382.542 86210 73740 75405 9644 59044 14252
5040 369.774 105688 80758 95681 9096 66589 13508
5048 382.542 99606 70246 91012 6655 59269 10047
5040 369.774 115321 86741 104914 8813 70352 15838
5048 382.542 92361 76065 86241 6026 61673 13698
5040 369.774 117814 81718 118320 6674 66181 15031
5048 382.542 90406 68882 80639 8300 55339 12752
5040 369.774 115713 88160 98454 9873 71428 15942
5048 382.542 97559 78134 85861 8882 62003 15462
5040 369.774 100448 84799 92897 10127 66006 18389
5048 382.542 97745 72188 86888 7142 58445 13299
5040 369.774 123526 95445 109563 13076 74087 20914
5048 382.542 104294 80275 91623 10144 64297 15509
5040 369.774 90841 77859 79567 9281 59151 18047
5048 382.542 94026 74024 84925 9227 54843 18533
5040 369.774 100888 94445 90899 10744 72836 21005
5048 382.542 111583 83596 98566 11994 61937 20711
5040 369.774 108297 83249 100356 8473 68513 14298
5048 382.542 99928 75130 90168 9077 60616 14174
5040 369.774 110535 89821 95950 12774 68088 20917
5048 382.542 108034 75989 102419 7761 60729 14671
5040 369.774 107375 83641 93854 10454 65249 18149
5048 382.542 95737 72150 86750 7029 58671 12871
5048 382.542 90171 78462 80092 9996 59433 18624
5040 369.774 99138 79065 88308 8776 61278 17024
5040 369.774 116857 84126 109143 6263 71142 12466
5048 382.542 93886 72708 86217 7395 59548 12608
5040 369.774 116480 82032 104479 8475 68012 13464
5048 382.542 110584 71727 98917 8338 56918 14846
5040 369.774 115171 84892 109823 8567 67810 16352
5048 382.542 86987 71136 79732 6290 57304 13550
5040 369.774 96133 68202 87167 7177 54541 12952
5048 382.542 87336 61478 71443 9328 48950 11886
5040 369.774 100765 71492 93908 6947 56869 14112
5048 382.542 100650 69627 90523 8162 53771 15466
5040 369.774 123085 90905 117433 12551 69282 20567
5048 382.542 112323 77815 97670 11144 59392 18075
5040 369.774 112867 76525 106834 6963 64582 11588
5048 382.542 96039 70692 88931 5616 58477 11800
5040 369.774 97158 78144 88159 8583 61238 16582
5048 382.542 101724 76772 89998 11333 56859 19156
5040 369.774 88273 71824 76319 9007 57197 14199
5048 382.542 94039 70033 81268 11382 50912 18332
5040 369.774 126184 83206 121046 9540 67388 14989
5048 382.542 107875 73465 98631 8081 59627 13458
5040 369.774 91224 78652 78739 11091 59969 18401
5048 382.542 86714 66556 77189 8172 50531 15489
5040 369.774 122276 91139 107161 10339 71368 18906
5048 382.542 109920 77235 96624 10611 59032 17697
5040 369.774 117434 86918 99892 11308 66293 20124
5048 382.542 102107 79750 92156 7476 62083 17216
5040 369.774 113515 88703 92850 11450 70057 18229
5048 382.542 98427 71106 86462 8153 54264 16110
5040 369.774 127932 84896 116557 9902 71200 13295
5048 382.542 104429 75290 94659 7581 62978 11839
5040 369.774 128882 89694 111633 13525 70957 17704
5048 382.542 93321 77644 80890 11000 59324 17673
5040 369.774 103043 85335 94356 11533 62806 21732
5048 382.542 97229 72352 85857 9629 52645 19268
5040 369.774 132724 87111 122760 7019 71018 15463
5048 382.542 113870 79149 98227 11787 63857 14306
5040 369.774 120754 86771 110773 8604 70023 15991
5048 382.542 108980 75982 92282 9344 59303 15776
5040 369.774 103204 90260 93089 9806 71657 18398
5048 382.542 99742 81919 88894 8963 65267 16108
5040 369.774 109280 88506 99511 9325 73157 14669
5048 382.542 108684 75500 99247 5803 60508 14391
5040 369.774 101431 81911 88328 10341 63736 17636
5048 382.542 102492 78251 87530 13774 58679 19067
5040 369.774 89744 75818 79606 8197 57949 17474
5048 382.542 80303 69526 68540 11743 49120 19695
5040 369.774 104628 90853 94250 8346 74471 15606
5048 382.542 106370 79653 95525 9336 61873 17250
5040 369.774 115344 80816 108560 7097 65752 14421
5048 382.542 105854 74794 98788 7281 62795 11286
5040 369.774 108072 79838 96970 10664 60719 17996
5048 382.542 88717 73340 77283 9355 55399 17311
5040 369.774 95431 86859 85169 10429 66112 20453
5048 382.542 86956 69466 75186 9777 53980 15294
5040 369.774 108562 83841 102041 11130 66441 16842
5048 382.542 82888 70742 72536 8794 55164 15116
5040 369.774 102846 85373 94492 8936 68364 16487
5048 382.542 95253 72777 83465 9950 56874 15261
5040 369.774 100188 86456 85320 12755 67462 18819
5048 382.542 103072 79371 92283 9392 61948 17134
5040 369.774 115794 81737 104794 9624 67737 13107
5048 382.542 110146 78178 99713 8822 63188 14436
5040 369.774 95249 77908 87632 7423 61995 14816
5048 382.542 102763 78160 93961 12121 60657 17182
5040 369.774 94350 77817 86221 8135 60596 16664
5048 382.542 96553 69369 84448 10761 54632 14258
5040 369.774 107145 87479 97582 10450 68811 17893
5048 382.542 112635 79228 101952 9490 62535 15660
5040 369.774 110947 73231 106828 7135 62118 10824
5048 382.542 92941 65249 85286 7125 52855 11948
5040 369.774 111972 90832 98898 10854 72197 18087
5048 382.542 101253 73052 90861 9312 57400 15049
5040 369.774 93045 83280 81428 10948 63354 19059
5048 382.542 87305 66507 76292 8380 51062 14971
5040 369.774 115624 87144 106756 8352 67705 18548
5048 382.542 101299 76696 89267 9824 60108 15905
5040 369.774 127476 93408 114985 13693 71810 20921
5048 382.542 100165 73254 89879 9198 58357 14678
5040 369.774 106617 82264 95287 9507 64537 16996
5048 382.542 100891 77770 90567 6978 62427 14799
5040 369.774 128269 87261 115396 8815 71698 15297
5048 382.542 110397 77528 100895 7170 64371 12661
5040 369.774 92221 76752 79549 11474 57832 18528
5048 382.542 96507 66352 84876 8985 50711 15197
5040 369.774 120535 88264 109325 9830 69681 18152
5048 382.542 98487 83062 85480 11298 64797 17493
5040 369.774 113674 82922 99844 11906 66310 15826
5048 382.542 110550 79877 95496 9218 62560 16216
5040 369.774 105070 76885 96803 8984 61777 14456
5048 382.542 83866 67002 76267 7341 54939 11359
5040 369.774 106394 74512 100490 5660 59578 14538
5048 382.542 104369 71799 96652 9231 54218 16672
5048 382.542 80958 66051 72382 7682 48837 16714
5040 369.774 90221 76308 78065 9841 57026 18679
5040 369.774 120928 84246 111570 13047 68274 15064
5048 382.542 103245 78901 89297 12392 62721 15623
5040 369.774 98301 83693 85906 10318 66451 16960
5048 382.542 101085 75946 88460 11115 60247 15251
5040 369.774 114680 95143 99129 12332 74453 19903
5048 382.542 98012 78810 85039 9697 62771 15509
#station_id r_mc scin_hg_tot_sig wcd_lg_tot_sig scin_hg_em_sig scin_hg_mu_sig wcd_lg_em_sig wcd_lg_mu_sig
5040 369.774 109737 83861 100002 6460 68339 14930
5048 382.542 95974 74970 89381 5778 63729 10913
5040 369.774 93595 87039 83663 11394 64668 21837
5048 382.542 88178 73725 75993 11386 54969 17911
5040 369.774 114782 78661 104541 6904 64618 13170
5048 382.542 104758 78741 88864 10573 60849 17329
5040 369.774 107816 78431 95577 8704 61265 16496
5048 382.542 100681 72741 89618 9263 56487 16089
5040 369.774 102065 75318 99755 4458 61604 13003
5048 382.542 85684 65530 78711 6464 52557 12445
5040 369.774 104921 80872 96480 8413 70082 10284
5048 382.542 103114 79044 94137 8596 66973 11162
5040 369.774 120542 84767 110997 10163 67392 17293
5048 382.542 111398 81165 99067 11364 62296 18419
5040 369.774 112047 74636 104149 6594 60435 13559
5048 382.542 99616 68473 92019 5038 56519 11380
5040 369.774 121255 85289 113846 10563 68075 16457
5048 382.542 94900 73704 83071 9063 57768 15684
5040 369.774 112479 87446 99892 11175 71268 15712
5048 382.542 101751 80201 89872 10444 64245 15565
5040 369.774 116627 91934 111818 9892 76188 15292
5048 382.542 114994 79326 113462 5315 67433 11521
5040 369.774 115199 90564 112778 8965 70079 19940
5048 382.542 108148 81062 97573 10482 62500 17853
5040 369.774 100816 73402 94009 6495 59760 12689
5048 382.542 98097 64744 89318 8067 53258 10679
5040 369.774 102386 75727 89278 13240 55937 19497
5048 382.542 102842 74635 89770 11727 54149 19845
5040 369.774 101682 79039 92803 6535 62689 15789
5048 382.542 84202 72421 75723 7361 57283 14576
5040 369.774 96983 78496 86171 9950 61737 15972
5048 382.542 79096 65942 71944 6658 53318 12074
5040 369.774 115101 88033 100491 14797 65737 21644
5048 382.542 100295 78218 87721 9522 58648 19135
5040 369.774 127711 91200 115210 12872 70373 19868
5048 382.542 119512 88372 105741 10421 69322 18072
5040 369.774 116362 90344 105481 10592 71476 18710
5048 382.542 108788 83095 95313 13033 61019 21255
5040 369.774 108557 80870 100279 5675 69688 10462
5048 382.542 100716 75121 90690 7976 62142 12581
5040 369.774 111100 92343 102506 9291 71711 20106
5048 382.542 93094 74536 83371 8248 59127 14427
5040 369.774 115610 87158 111030 8733 69400 16978
5048 382.542 101124 73364 89967 8734 60527 12084
5040 369.774 114107 80906 101936 10703 64423 15775
5048 382.542 102023 78094 94636 9042 58981 18744
5040 369.774 114433 80224 109136 7367 67829 11841
5048 382.542 98253 70481 85995 6808 56826 13030
5040 369.774 113169 77161 105613 6734 65715 10959
5048 382.542 101541 67024 91354 8945 55110 11254
5040 369.774 124235 85017 120431 9926 68052 16618
5048 382.542 108042 78147 95328 9400 61103 16662
5048 382.542 103722 76050 92554 9835 60806 14464
5040 369.774 104188 86721 95420 10409 69700 16321
5040 369.774 113134 84469 102892 8901 66325 16964
5048 382.542 112595 79910 100060 7568 63072 16263
5040 369.774 108428 73601 101610 4871 63623 9457
5048 382.542 90777 64515 84442 4842 56316 7724
5040 369.774 115495 91896 109355 8234 73951 17053
5048 382.542 98601 79784 87631 10911 59255 19756
5040 369.774 109989 84714 99959 9019 65438 19119
5048 382.542 119326 77484 107012 11780 60585 16437
5040 369.774 127056 101061 116336 10802 81641 18312
5048 382.542 121902 90243 111654 11979 70013 19696
5040 369.774 122555 91388 106500 11556 71412 19662
5048 382.542 96180 78225 86610 6826 63813 13827
5040 369.774 122828 93151 112907 11112 73575 18603
5048 382.542 101247 85088 87702 10939 66684 18185
5040 369.774 125233 86295 114652 10433 71761 13776
5048 382.542 107158 72431 97845 8590 59354 12613
5048 382.542 102534 81386 91257 11060 64293 16531
5040 369.774 113067 96056 101296 10101 77683 17652
5040 369.774 119925 93254 105269 13503 73846 18756
5048 382.542 101740 87848 88722 13306 66965 20285
5040 369.774 119834 93074 114172 10595 72001 20589
5048 382.542 106854 79631 93735 11050 63302 15657
5040 369.774 112302 83563 99291 15770 61373 21677
5048 382.542 99166 81821 82888 13936 59377 22224
5040 369.774 121901 84352 109518 11140 68126 15433
5048 382.542 103155 77530 91244 10432 61149 15776
5040 369.774 118563 85428 109098 8879 69037 16079
5048 382.542 98722 76703 90919 7076 61924 14307
5040 369.774 89718 80537 77676 11288 60987 19517
5048 382.542 95823 78384 81830 11757 59453 18196
5040 369.774 96213 77050 86837 7940 59181 17262
5048 382.542 88655 70272 79752 9020 54523 15643
5040 369.774 108428 83756 98696 9567 65492 17509
5048 382.542 92896 75533 81789 9983 56908 18088
5040 369.774 114926 83166 102090 12621 66145 16733
5048 382.542 107758 78366 100381 6744 64609 13176
5040 369.774 96559 76708 86366 7736 62099 14093
5048 382.542 86443 70179 78025 8797 54868 14860
5040 369.774 118991 96603 106662 11728 77205 18567
5048 382.542 107129 81544 91160 11601 64571 16617
5040 369.774 112490 92815 102553 13092 71397 21186
5048 382.542 101813 79481 88334 10650 60567 18426
5040 369.774 109293 84436 97774 9759 65142 18786
5048 382.542 102764 77083 90507 7539 60606 15593
5040 369.774 119307 94493 107114 11006 74073 19977
5048 382.542 111122 83480 98870 8444 65964 16915
5040 369.774 118740 84574 106108 11247 64023 19862
5048 382.542 107597 74278 96802 10674 57871 16298
5040 369.774 142961 102118 126817 12603 78551 22740
5048 382.542 117446 98148 105977 10255 77181 20370
5040 369.774 92825 76896 81098 11860 60048 16419
5048 382.542 88188 68244 81035 5934 53078 14739
5040 369.774 114984 85478 103511 12820 65265 19710
5048 382.542 100671 86419 87313 12950 63951 21603
5040 369.774 105221 75611 95613 9822 59069 15797
5048 382.542 91784 79070 81741 9121 59210 19091
5040 369.774 114561 84692 105878 8567 66910 17043
5048 382.542 106189 76004 93119 10616 60359 15375
5040 369.774 87317 76051 75140 7585 57636 17807
5048 382.542 86181 69709 76719 8858 54363 14877
5040 369.774 99979 87971 89166 10208 69388 18464
5048 382.542 93742 75040 82851 7743 57003 17265
5040 369.774 112879 85035 102512 9184 69707 14779
5048 382.542 98838 74654 88813 7170 60969 13228
5040 369.774 94474 82607 82148 9808 63625 18448
5048 382.542 87811 72047 77448 9333 55529 16284
5040 369.774 102870 76539 90616 9234 61035 14682
5048 382.542 101814 68481 91219 8462 55868 11771
5040 369.774 104335 72457 95225 8548 58100 14281
5048 382.542 98244 67620 88388 6609 53939 13087
5040 369.774 92690 73881 79101 10870 57587 15999
5048 382.542 91567 67737 80436 8754 54574 12780
5040 369.774 103840 76561 92535 8435 61251 14556
5048 382.542 91522 69309 81612 8505 52816 16052
5040 369.774 111526 86557 97280 10895 69824 15894
5048 382.542 110985 77811 99346 9835 59819 17610
5040 369.774 111492 82772 102274 7811 69468 12551
5048 382.542 104208 72234 96655 5833 61012 10943
5040 369.774 99445 76840 89408 9118 59071 17298
5048 382.542 100239 67697 90271 11053 51656 15327
5040 369.774 104422 84998 95385 7474 66883 17607
5048 382.542 100540 74879 89615 8343 59979 14426
5040 369.774 110476 76001 102646 7093 61378 13995
5048 382.542 100272 68478 94666 6076 53020 14910
5040 369.774 123673 88453 110085 10826 72181 15337
5048 382.542 107332 82497 95984 6564 67424 14230
5040 369.774 122544 90088 107247 12250 69569 19840
5048 382.542 104120 81257 94449 8340 66779 13659
5040 369.774 106833 80787 100742 5819 67829 12255
5048 382.542 101172 78039 90481 7968 64168 13212
5040 369.774 94795 71682 82282 10613 54845 16233
5048 382.542 90510 72972 81840 8465 55862 16480
5040 369.774 90800 79808 78102 11227 60275 19371
5048 382.542 85969 72695 77184 7330 54096 18051
5040 369.774 108590 83142 103273 9720 67548 15080
5048 382.542 95669 71093 88187 7836 56928 13614
5040 369.774 121809 94722 111890 9955 77064 17465
5048 382.542 118852 86637 107688 11411 68115 17509
5040 369.774 121137 85929 111353 8363 71731 13504
5048 382.542 104638 71489 95332 7390 59773 10856
5040 369.774 110053 81430 99812 8687 66893 14170
5048 382.542 96541 76594 87016 9132 60122 15944
5040 369.774 107090 83107 91696 8379 66992 15677
5048 382.542 109057 78656 96433 7393 62467 15936
5040 369.774 102240 82130 93703 8709 64980 16613
5048 382.542 85159 71416 76571 7055 56590 14072
5040 369.774 101205 83166 90723 8301 66317 16414
5048 382.542 101303 75711 90081 10392 58841 16550
5040 369.774 102518 80191 90133 10221 60055 19555
5048 382.542 95889 76636 84044 11527 57449 18670
5040 369.774 133559 94547 121043 7322 78155 15745
5048 382.542 114012 80865 100746 10853 64890 15138
5040 369.774 117667 82073 108552 7425 67371 14083
5048 382.542 107626 82994 98040 6972 68936 13320
5040 369.774 105650 72923 96708 7084 57633 14707
5048 382.542 94290 73875 79209 10172 57348 16170
5040 369.774 111385 90810 99597 10719 70242 19780
5048 382.542 115098 80540 107572 8738 64924 15200
5040 369.774 111739 88326 101991 8388 71008 16589
5048 382.542 104883 77994 92898 10412 63573 13603
5040 369.774 88828 73622 79235 8048 56058 16987
5048 382.542 87934 68046 70765 13141 50592 16869
5040 369.774 119520 82142 110996 9902 64644 16841
5048 382.542 97528 78767 86824 10262 62825 15326
5040 369.774 123213 92171 108908 11360 73076 18193
5048 382.542 108214 88122 88438 12173 65758 21553
5040 369.774 113259 77559 102257 8074 63927 12869
5048 382.542 96126 71182 88584 6427 57609 12953
5040 369.774 119226 94438 108844 12131 74682 19372
5048 382.542 97851 83561 84693 12425 64163 18532
5040 369.774 109780 84088 96095 9727 65700 17613
5048 382.542 89518 76580 77076 11553 58528 17767
5040 369.774 112351 79113 104446 10214 65851 12880
5048 382.542 87030 63011 80991 4504 55185 7433
5040 369.774 113110 92522 99650 10901 74617 17110
5048 382.542 111468 83246 95441 8925 65057 17515
5040 369.774 117398 83630 110500 6453 70413 12682
5048 382.542 96745 77511 88168 7662 64690 12351
5040 369.774 101234 77537 92436 6096 63663 13460
5048 382.542 88204 67164 78598 8006 53692 13223
5040 369.774 113999 85428 106411 10431 65493 19265
5048 382.542 95516 75898 86367 7927 60986 14356
5040 369.774 111997 85515 93534 13053 67349 17772
5048 382.542 93925 73368 81118 13046 54728 17928
5040 369.774 134269 99863 116578 12930 77848 21040
5048 382.542 121561 83717 109590 11113 65574 17745
5040 369.774 96099 88375 83048 10459 67659 20115
5048 382.542 98850 74626 86862 8739 58443 15227
5048 382.542 124015 78814 108972 7852 61757 16801
5040 369.774 117782 92776 106710 8162 71116 20705
5040 369.774 92684 83921 80647 10563 62139 21299
5048 382.542 87193 68292 73694 9586 49743 17940
5040 369.774 117605 90978 107994 13433 70264 20283
5048 382.542 94834 78062 83969 10367 60415 16907
5040 369.774 109171 90252 100232 10689 72685 17073
5048 382.542 91837 77846 81153 9908 61593 15631
5040 369.774 95910 77200 92096 7569 59420 17265
5048 382.542 81837 68760 71543 10291 52444 16135
5040 369.774 135672 91042 119139 13248 68623 21624
5048 382.542 103657 77681 94338 8164 62897 13973
5040 369.774 117716 82691 106711 12044 65572 16419
5048 382.542 100321 71623 93747 8363 57552 13419
5048 382.542 106765 73079 91556 8371 59536 13148
5040 369.774 118460 83361 109250 9915 68212 14691
5040 369.774 108342 86766 93975 11567 69398 17264
5048 382.542 99376 74195 89260 8840 58465 14999
5040 369.774 98038 78908 85751 8954 61991 16371
5048 382.542 86400 75926 70917 12652 55160 20160

