#station_id r_mc scin_hg_tot_sig wcd_hg_tot_sig scin_hg_em_sig scin_hg_mu_sig wcd_hg_em_sig wcd_hg_mu_sig
5040 668.584 12147 268289 9811 2379 201702 61979
5048 703.669 7102 222790 5057 1943 119233 101401
5040 668.584 6378 209164 5241 1098 122824 86093
5048 703.669 4583 164755 4094 427 100189 63282
5040 668.584 10149 264615 8784 1278 195166 69656
5048 703.669 9047 215828 6643 2685 123668 91494
5040 668.584 8779 213985 6475 1488 155835 56320
5048 703.669 8529 229759 6225 2229 125840 103214
5040 668.584 10764 252512 7960 2344 130483 123105
5048 703.669 5537 201250 4331 1261 103843 98404
5040 668.584 9745 265730 8194 1255 149641 113553
5048 703.669 8618 215836 7322 661 162933 50831
5040 668.584 7639 223802 7044 793 161260 62187
5048 703.669 6054 179645 5552 265 125956 54762
5048 703.669 9715 191455 8849 606 148480 42589
5040 668.584 11056 244917 9757 1206 195212 47641
5040 668.584 13103 197942 11076 2249 132446 64403
5048 703.669 9277 203866 6953 1927 116684 86138
5040 668.584 9397 167970 8623 605 131783 35137
5048 703.669 7085 208306 5766 1194 156383 50573
5040 668.584 7544 282335 5159 2066 175951 105613
5048 703.669 6193 194041 4982 1365 121159 72301
5040 668.584 8444 245632 6765 1235 129339 115113
5048 703.669 9232 225655 6967 1603 143030 84081
5040 668.584 4789 196895 3794 632 87538 109383
5048 703.669 6562 196254 5329 1273 107175 89421
5040 668.584 8422 234681 8028 453 134887 96959
5048 703.669 6067 163068 4852 1382 107133 57220
5040 668.584 10692 204721 7863 2397 116595 86473
5048 703.669 7456 188413 4680 2476 88212 99038
5040 668.584 9811 196145 7494 2025 130190 63987
5048 703.669 8803 251575 7402 1402 133535 120523
5040 668.584 11371 267821 9324 1861 197480 72986
5048 703.669 8882 238293 5889 1078 151686 85154
5040 668.584 6751 228442 6113 498 166407 62088
5048 703.669 9264 195179 7642 1489 152677 40428
5040 668.584 12242 243402 10781 1246 179066 68350
5048 703.669 9017 210275 7327 1554 136544 74833
5040 668.584 6288 181200 5171 713 140632 38320
5048 703.669 4571 152611 3701 403 116214 34683
5040 668.584 7407 216074 5517 1543 163280 52418
5048 703.669 6913 199359 4770 1832 102906 95069
5040 668.584 10011 300322 8122 1413 160885 138838
5048 703.669 6848 172332 6175 478 111502 62248
5040 668.584 6734 194701 5385 1197 124393 71673
5048 703.669 5754 209927 3890 1268 114868 94291
5040 668.584 9234 247085 7419 1755 162113 83665
5048 703.669 8303 230517 6758 969 140044 89126
5040 668.584 7395 236793 6040 1265 151672 82602
5048 703.669 9140 221501 7340 2025 118780 100446
5040 668.584 6173 232687 5658 534 161915 70011
5048 703.669 6344 176565 5105 1069 135787 38590
5040 668.584 8898 207709 6657 2227 151550 55150
5048 703.669 5302 187959 4355 860 118364 68076
5040 668.584 11226 233301 9764 1506 139203 90570
5048 703.669 6640 211247 5331 1064 107081 103764
5040 668.584 8525 240750 6780 1213 158800 81154
5048 703.669 6084 192052 5176 748 117936 74009
5040 668.584 10558 308329 8521 2067 221398 88734
5048 703.669 9051 297433 6690 1697 155383 138732
5040 668.584 7076 217348 5278 1312 123086 93683
5048 703.669 7760 257336 5328 2373 138265 121506
5040 668.584 10140 274920 7551 1376 193654 80304
5048 703.669 8052 236128 5663 1577 164668 71795
5040 668.584 7768 224471 6223 834 130745 94639
5048 703.669 8257 182705 7066 918 101452 78838
5040 668.584 8264 220822 7800 678 129735 88638
5048 703.669 10303 220834 8114 1754 135333 85172
5040 668.584 10352 269698 4730 2930 152546 114247
5048 703.669 5351 205261 4073 1252 128858 77261
5040 668.584 7612 245147 5074 700 150923 91335
5048 703.669 8075 245179 6696 1483 142252 101760
5040 668.584 11589 298570 10350 1244 207035 90774
5048 703.669 8727 253754 6904 1538 190910 61847
5040 668.584 8718 260047 7418 1153 183664 72463
5048 703.669 9666 242805 8079 1515 191380 50151
5040 668.584 12372 281137 10175 1565 189388 89996
5048 703.669 7425 214229 7058 374 143597 69157
5040 668.584 13524 309427 11666 1745 182695 128154
5048 703.669 9213 232377 7746 1271 153213 78274
5040 668.584 10656 260063 8960 1566 147070 111519
5048 703.669 7429 191421 5917 1533 126951 65143
5040 668.584 11044 240490 7661 2709 142654 97457
5048 703.669 9010 209522 7685 1468 127723 82972
5040 668.584 8781 242458 6309 1679 148753 88786
5048 703.669 8800 213415 6599 1539 146892 67933
5040 668.584 9065 208498 7534 1282 146041 60954
5048 703.669 7486 195299 6637 1061 145092 52106
5040 668.584 8760 301747 6917 1755 138454 161844
5048 703.669 8601 194085 6697 1995 128473 63739
5040 668.584 11368 219867 7589 3621 152600 67610
5048 703.669 8000 223649 6041 1565 133508 89607
5040 668.584 10572 301535 9360 1083 220588 79185
5048 703.669 11374 308285 9264 2104 215633 92067
5040 668.584 9282 243118 7845 677 147953 93993
5048 703.669 7598 202113 6180 977 142275 56552
5048 703.669 8424 182719 6803 1503 133914 51338
5040 668.584 8866 226850 4774 3469 148451 77113
5040 668.584 6091 149127 4784 1266 105182 45776
5048 703.669 4686 160544 2781 1371 108672 52518
5040 668.584 12383 286326 10184 2057 192609 97026
5048 703.669 11725 214003 8453 2896 144787 67715
5040 668.584 9551 269873 7854 1573 161666 108512
5048 703.669 7968 230832 6709 1237 161385 71664
5040 668.584 7861 253996 6470 1454 156935 96735
5048 703.669 6617 196662 5649 933 130453 67010
5040 668.584 8957 285478 7937 533 189292 98610
5048 703.669 9240 209909 7592 1387 140809 70433
5040 668.584 7112 215576 6180 795 144320 72752
5048 703.669 6059 158003 4970 874 99483 54755
5040 668.584 13492 376431 10226 2166 211460 165145
5048 703.669 10176 229087 8055 1865 160158 69531
5040 668.584 6933 243282 6385 417 162498 79230
5048 703.669 10708 224882 8084 2433 149462 72398
5040 668.584 11130 242001 8009 2522 165182 78886
5048 703.669 6515 215412 5455 953 133986 81336
5040 668.584 10489 279858 9824 625 171703 108406
5048 703.669 9134 273572 7101 2018 146588 127653
5040 668.584 11814 267979 8655 2923 166383 100141
5048 703.669 8147 190175 7116 1201 141819 49773
5040 668.584 6480 214619 5211 1066 168965 47177
5048 703.669 7504 233574 5299 1837 135898 97613
5040 668.584 8374 181528 5645 2132 88884 92586
5048 703.669 8360 181208 7649 841 113498 67015
5040 668.584 7579 246275 6048 1589 141941 101506
5048 703.669 6368 215873 5157 1308 125187 89531
5040 668.584 9353 205397 7720 1420 126678 76445
5048 703.669 7109 190571 5654 855 140319 51099
5040 668.584 6086 259287 5665 328 153442 107979
5048 703.669 5947 208425 4314 1602 118359 92839
5040 668.584 7770 216287 6622 809 152406 63719
5048 703.669 8439 165177 7659 629 125418 37940
5040 668.584 15763 249365 13403 2435 187607 62037
5048 703.669 7925 266554 7445 349 167815 97234
5040 668.584 9246 251114 7187 1517 181480 71435
5048 703.669 6759 211194 5599 1148 123241 85014
5040 668.584 9484 222355 8057 1320 136107 88056
5048 703.669 7038 179941 6589 363 119275 61659
5040 668.584 8925 279112 6287 2197 149768 128835
5048 703.669 6807 186714 5601 1044 112506 72574
5040 668.584 10476 287500 7668 1725 198164 89859
5048 703.669 8405 236317 7495 765 144614 88628
5040 668.584 7187 237835 5954 1274 134669 104862
5048 703.669 8414 198018 6398 1903 131416 68626
5040 668.584 8394 259531 6470 2029 160263 98140
5048 703.669 9733 203517 7961 1723 103255 100344
5040 668.584 9342 243265 6202 2454 140857 103839
5048 703.669 3546 198877 2851 541 93029 106580
5040 668.584 9035 254074 7726 1209 145881 109693
5048 703.669 9395 224761 6622 2040 126310 96555
5040 668.584 8431 222133 6251 1806 146962 74160
5048 703.669 7155 223845 5166 1964 135709 89736
5040 668.584 10069 231076 9348 949 151376 80570
5048 703.669 6026 233752 4583 1232 137454 96495
5040 668.584 10341 261913 8298 1961 161159 98996
5048 703.669 5084 208645 4389 463 138104 68965
5040 668.584 12460 252121 10035 2634 170385 79718
5048 703.669 4796 190904 3953 719 123892 65968
5040 668.584 6545 240404 5592 521 140663 95336
5048 703.669 8027 185270 5296 2489 113959 72702
5040 668.584 8797 228763 7376 1327 125081 103380
5048 703.669 5648 213644 4426 1174 139642 72846
5040 668.584 5519 201142 5493 0 136059 63645
5048 703.669 6018 220169 4066 1624 126244 91225
5040 668.584 10139 202827 7379 2888 120587 82620
5048 703.669 9606 212730 7518 1429 106416 106190
5040 668.584 11950 270727 10104 1450 178770 92262
5048 703.669 5869 186046 5582 503 125462 59002
5040 668.584 9758 213563 8716 414 171626 42950
5048 703.669 9550 206406 8107 1176 147767 59067
5040 668.584 9943 265933 7883 1880 176575 89473
5048 703.669 7241 215526 6014 1170 121783 95437
5040 668.584 10616 246857 7993 2268 148297 98525
5048 703.669 7168 209984 6346 747 115754 94043
5040 668.584 8138 218252 5858 2127 158093 59252
5048 703.669 5516 214699 5377 174 155841 56780
5040 668.584 7653 265131 7117 384 166251 99411
5048 703.669 7816 175962 6752 1152 129978 45154
5040 668.584 7414 225703 6134 1296 143443 80861
5048 703.669 7062 201764 4513 2425 114195 88885
5040 668.584 11392 278367 8466 1093 201878 75141
5048 703.669 10753 258430 8556 2153 192972 65720
5048 703.669 8427 180671 6719 1658 115279 63861
5040 668.584 9197 221491 7786 1594 143795 76566
5040 668.584 11990 234384 9128 1139 148874 83870
5048 703.669 8895 206828 7068 1556 160097 46902
5040 668.584 8730 216502 6551 1816 133182 83122
5048 703.669 5024 197231 2892 1888 113157 85197
5040 668.584 7558 287789 6020 1257 159232 129451
5048 703.669 6159 160216 4617 1398 97100 61893
5040 668.584 11266 225609 8206 1000 133994 88973
5048 703.669 5187 183809 4024 1071 112254 71630
5040 668.584 8814 242733 6217 2069 165007 77024
5048 703.669 7262 205577 5171 1987 133005 73028
5040 668.584 6937 211058 5508 1015 141331 68903
5048 703.669 8710 216570 4378 1601 103911 111296
5040 668.584 12437 226828 11434 784 166717 57672
5048 703.669 6833 201819 4645 1753 126187 75525
5040 668.584 9183 301807 8035 620 181450 118379
5048 703.669 7529 257144 5485 1350 152824 101769
5040 668.584 11892 226514 8117 1992 135952 87212
5048 703.669 7339 238388 5720 1592 139508 99757
5040 668.584 10314 264367 8264 2014 187464 76388
5048 703.669 11970 230737 7522 2570 149362 79514
5040 668.584 10011 214544 9500 695 142825 73692
5048 703.669 5387 203020 4537 799 132140 70663
5048 703.669 8425 245294 6594 1658 173125 74687
5040 668.584 8521 264989 6815 1605 166057 96566
5040 668.584 9879 217970 8377 1187 137073 82041
5048 703.669 8223 199423 7490 577 124586 71330
5040 668.584 8179 258705 6337 479 145370 109463
5048 703.669 13181 212176 6780 2347 128604 84440
5040 668.584 9510 233483 6780 1476 157166 78780
5048 703.669 5704 215695 4065 1608 122259 94761
5040 668.584 12781 237828 10674 1903 149582 85682
5048 703.669 8909 226919 6396 2424 143593 81684
5040 668.584 8996 204153 8079 795 181899 20699
5048 703.669 10983 195818 10458 354 135905 57207
5040 668.584 5080 212617 4020 936 110916 98935
5048 703.669 7731 154772 6208 1223 98158 56893
5040 668.584 9296 218483 8087 1222 157427 57941
5048 703.669 6831 225640 5013 1396 131446 93401
5040 668.584 11029 227153 8388 2195 158234 66583
5048 703.669 5458 158224 4826 520 101756 55967
#station_id r_mc scin_hg_tot_sig wcd_hg_tot_sig scin_hg_em_sig scin_hg_mu_sig wcd_hg_em_sig wcd_hg_mu_sig
5040 668.584 8480 244608 6841 908 151540 93921
5048 703.669 9231 150385 7386 1685 110837 36749
5040 668.584 5719 214582 4921 712 158841 56587
5048 703.669 9224 188371 7411 1798 119565 67984
5040 668.584 10783 235018 7659 2338 177808 58091
5048 703.669 7795 184924 5741 1895 130812 55949
5040 668.584 7777 307564 5686 1869 179979 125189
5048 703.669 7647 201512 5557 1920 127602 73729
5040 668.584 7300 239628 5764 1543 134298 105141
5048 703.669 5297 166260 3930 1201 104811 59811
5040 668.584 10352 234064 8742 1076 197996 38838
5048 703.669 6685 204528 4882 1548 113589 89078
5040 668.584 6514 202210 4858 1622 125547 74453
5048 703.669 10770 150715 7421 1507 120758 28829
5040 668.584 8492 198777 7321 1239 136417 64860
5048 703.669 7472 218127 4843 2578 118464 98708
5040 668.584 11206 246289 9475 580 181866 65058
5048 703.669 8850 226328 6552 2149 132917 90491
5040 668.584 8727 255128 6165 2042 156786 99383
5048 703.669 7294 215597 5752 1163 130072 85258
5040 668.584 6706 256412 5232 568 137294 119762
5048 703.669 6321 175405 4709 1502 118703 56078
5040 668.584 9233 280721 6597 2381 165109 115158
5048 703.669 6705 235656 5185 1657 126980 108960
5040 668.584 7938 306944 5606 2227 169317 140025
5048 703.669 8389 213145 5938 2171 126833 85806
5040 668.584 6566 226481 4439 1049 127099 96670
5048 703.669 4645 144141 3167 1185 98781 43550
5040 668.584 9253 216745 8830 405 151479 63273
5048 703.669 5435 230897 5140 128 150929 79159
5040 668.584 7182 235713 5202 1879 165941 71741
5048 703.669 8017 233410 6118 1678 139215 96950
5040 668.584 7913 210838 6012 1894 123137 87211
5048 703.669 9499 225365 6392 2910 140678 85161
5040 668.584 6912 223516 4338 1627 151158 70681
5048 703.669 8248 268648 6544 1521 156846 107496
5040 668.584 9942 227777 8275 1662 136587 90936
5048 703.669 7174 220573 5627 1510 130528 87577
5040 668.584 8403 272017 5905 2012 158222 115850
5048 703.669 10724 236020 8257 2371 118771 122325
5040 668.584 9348 264325 8314 1013 189909 76595
5048 703.669 6867 170011 5567 998 117301 53875
5040 668.584 6722 216825 6122 670 125560 88966
5048 703.669 7412 165974 6454 752 98799 68050
5040 668.584 10769 219124 9298 1431 127974 91195
5048 703.669 6269 188882 4689 1658 114142 75731
5040 668.584 15335 327098 12430 1961 219069 110768
5048 703.669 9500 204545 7623 1407 149189 55851
5040 668.584 9925 265570 7510 2307 161269 101962
5048 703.669 7373 180587 5940 1160 124492 54565
5040 668.584 6845 201377 5621 1123 145155 54084
5048 703.669 6794 187132 5553 957 136784 49271
5040 668.584 8420 230534 6897 1568 158966 69702
5048 703.669 6001 127094 5765 0 110934 18037
5048 703.669 7185 226638 5385 1567 138349 89280
5040 668.584 11624 192869 5693 1907 134969 56339
5040 668.584 11975 251633 8710 2471 151674 98662
5048 703.669 7929 243899 6310 1648 143192 98582
5040 668.584 9010 267904 7928 1103 166772 101842
5048 703.669 10146 209074 6888 3398 142315 67327
5040 668.584 10457 216854 8618 1274 141162 73650
5048 703.669 6714 190896 6262 569 126212 61672
5040 668.584 8385 230933 6453 1357 138830 92318
5048 703.669 5841 228174 4679 925 147915 82178
5040 668.584 8012 182539 5739 1944 108540 72539
5048 703.669 8019 191087 7314 766 123483 70885
5040 668.584 9070 211919 6717 1064 164574 46628
5048 703.669 7667 233430 7152 313 164776 69578
5040 668.584 8700 186047 5909 1980 104593 80427
5048 703.669 5935 168024 4659 877 116404 50754
5040 668.584 7157 171471 6487 606 109302 59436
5048 703.669 10099 212954 8357 1779 127340 87027
5040 668.584 8976 218421 7442 832 163622 53481
5048 703.669 9266 250529 7862 1536 140383 104607
5040 668.584 9401 198776 7021 1854 135425 59151
5048 703.669 9288 161211 6573 956 122282 38508
5040 668.584 6198 222207 4948 1150 144645 77026
5048 703.669 4864 189785 3051 1641 96197 90672
5040 668.584 8347 273286 6474 1814 196163 80446
5048 703.669 7008 211322 5663 1083 143663 68370
5040 668.584 10087 232899 5633 1918 154460 76988
5048 703.669 5473 177248 4604 833 122042 54175
5040 668.584 13154 298178 8443 3782 153805 140524
5048 703.669 8815 237264 5884 2903 157309 78105
5040 668.584 9523 267230 5569 2891 142274 122967
5048 703.669 2934 200835 2244 484 108823 91150
5040 668.584 6693 229859 5065 610 149969 79565
5048 703.669 7068 179811 5121 1752 107396 70248
5040 668.584 11622 261625 9505 2035 156839 105111
5048 703.669 8441 283727 6047 2583 137484 145553
5040 668.584 9500 263862 7526 1680 169732 95928
5048 703.669 6699 204071 6068 673 128563 75576
5040 668.584 10022 249272 8037 1977 140069 105142
5048 703.669 5383 172822 5257 0 116417 53936
5040 668.584 8916 214469 7499 1253 148027 65051
5048 703.669 8270 211900 5542 2051 108312 103738
5040 668.584 12533 271602 10304 1875 142729 125006
5048 703.669 8159 185557 7659 566 151767 34747
5040 668.584 11305 242168 9312 1996 128610 113953
5048 703.669 4575 156524 3314 754 80756 73194
5040 668.584 7294 253321 5971 1388 157027 95668
5048 703.669 6255 171712 4861 1133 109079 62577
5040 668.584 9715 257658 8447 1216 188269 68084
5048 703.669 6643 217210 4649 994 149337 67294
5040 668.584 9763 254085 7016 2546 146855 103974
5048 703.669 7008 204232 5396 1255 123029 78859
5040 668.584 8303 244205 7358 790 174952 65984
5048 703.669 7063 190588 6416 502 122424 65332
5040 668.584 10348 266840 8708 1784 152465 111847
5048 703.669 5520 232718 3386 2109 142868 89705
5040 668.584 11511 330457 8555 2841 225683 103957
5048 703.669 7783 197544 6265 1028 147743 51229
5040 668.584 7959 239177 6436 1407 158339 79750
5048 703.669 11255 185580 6677 2799 120246 61574
5040 668.584 7118 248376 5463 1559 130002 120063
5048 703.669 7047 215554 3674 3182 128030 84033
5040 668.584 7780 246782 6495 1196 146489 97039
5048 703.669 3870 157776 3357 667 106620 48135
5040 668.584 10781 256616 7891 935 170338 86163
5048 703.669 8078 205667 7036 912 152839 52186
5040 668.584 11509 225196 9045 2025 137165 88443
5048 703.669 5604 125720 4283 1399 82950 42331
5040 668.584 11945 289349 7768 2887 187026 101125
5048 703.669 7805 268560 6185 1628 139004 132683
5048 703.669 6196 180674 4892 1397 103049 76400
5040 668.584 9435 272124 7776 1508 158561 111139
5040 668.584 7086 240567 5231 1613 134923 105587
5048 703.669 6138 141605 5699 499 92586 49790
5040 668.584 12376 217011 9885 2279 129882 87769
5048 703.669 8481 223123 7829 558 110064 111010
5040 668.584 9561 206153 7727 1731 164689 41901
5048 703.669 6824 225816 4021 1820 148341 77676
5040 668.584 8005 219521 6429 1475 168836 48727
5048 703.669 9024 188218 6653 1261 135548 50773
5040 668.584 6775 264274 6002 824 145732 119936
5048 703.669 8272 220251 5423 2529 118768 100427
5040 668.584 9502 246216 7625 1988 162536 82602
5048 703.669 8887 241700 6454 1300 150949 89941
5040 668.584 9116 229251 6544 2637 151805 77815
5048 703.669 8820 215149 6298 1493 129625 83523
5040 668.584 8382 224746 5951 2258 138507 85154
5048 703.669 7237 203453 5145 1700 101531 101842
5040 668.584 10450 249003 7179 1511 165950 80833
5048 703.669 12671 246167 9306 3047 144465 100980
5040 668.584 11675 232178 9753 373 169193 62419
5048 703.669 7657 185543 6663 823 121432 61663
5040 668.584 8385 251463 5972 2303 174397 75926
5048 703.669 10962 263935 8212 2945 134886 128048
5040 668.584 8769 172219 6818 1298 118879 56392
5048 703.669 4680 124366 4058 596 86730 36583
5040 668.584 9610 236651 6206 3299 143263 91303
5048 703.669 6899 155258 5238 1343 105348 52133
5040 668.584 8834 196928 6919 1354 128163 69802
5048 703.669 9410 183401 7339 1066 136998 48658
5040 668.584 8433 284179 6387 1383 163128 119110
5048 703.669 5893 207151 5178 628 129494 77082
5040 668.584 8646 261765 6893 1857 128932 130513
5048 703.669 8596 204314 6614 2002 129259 74860
5040 668.584 8507 238717 6125 1155 135882 101060
5048 703.669 7616 199323 5469 1778 110709 89065
5040 668.584 7769 245976 6519 1377 151480 97280
5048 703.669 6751 200549 4737 2098 115823 84691
5040 668.584 8319 208840 6666 1125 161169 47046
5048 703.669 7519 272066 4338 2986 137057 135617
5040 668.584 10984 273599 9416 1485 177094 98328
5048 703.669 8387 255324 6395 1610 155972 99178
5040 668.584 9823 227595 7461 1740 153805 72419
5048 703.669 8795 196232 6667 1803 138258 56729
5040 668.584 8536 275573 6925 1430 183444 90280
5048 703.669 5051 181809 4119 929 107562 71749
5040 668.584 6466 228178 3806 2764 132266 97729
5048 703.669 6105 192792 4226 1779 104111 88175
5040 668.584 7713 212354 6386 1314 144813 65086
5048 703.669 7483 232826 5475 2065 143427 88469
5040 668.584 8557 195746 7983 493 128391 67182
5048 703.669 6914 194570 4383 2363 120067 74238
5040 668.584 7846 270029 6085 1694 175848 96551
5048 703.669 7004 251136 5512 936 158325 92861
5040 668.584 9271 283223 6402 1911 175719 105016
5048 703.669 8323 277210 6646 1532 129293 148867
5040 668.584 7559 148774 6572 187 114510 34090
5048 703.669 6162 172606 5489 415 118816 54077
5040 668.584 7964 207391 7118 802 134140 72002
5048 703.669 8555 192337 6700 1344 151736 39280
5040 668.584 10604 265422 8749 1845 198806 66050
5048 703.669 8053 221159 6429 1136 129726 89417
5040 668.584 8736 307344 7519 1194 216332 90549
5048 703.669 11457 250675 8586 2369 157207 96186
5040 668.584 8786 226973 6512 2063 146531 80759
5048 703.669 5727 197069 4645 925 127727 69026
5048 703.669 8176 271848 5812 1730 187999 85484
5040 668.584 8409 316157 5915 1761 180192 132397
5040 668.584 7015 251474 5984 1027 145867 104278
5048 703.669 10966 193956 8938 2113 123272 73347
5040 668.584 7216 237236 6317 876 157920 73677
5048 703.669 7156 226587 6298 787 126463 101695
5040 668.584 12110 230155 9893 1973 156702 74087
5048 703.669 8934 225304 6526 2130 125676 98437
5040 668.584 8199 169047 7108 1022 123647 46873
5048 703.669 4791 216573 3423 1372 125068 89705
5040 668.584 11704 268646 10152 1227 183001 85242
5048 703.669 7049 229844 5213 1745 130761 95283
5040 668.584 9009 244282 7517 1273 130707 112419
5048 703.669 9576 202288 7220 1975 148221 54474
5040 668.584 6257 237653 4521 1494 129715 105680
5048 703.669 7677 207565 6344 1107 125322 82435
5040 668.584 7947 260225 6485 1369 144235 112408
5048 703.669 5990 181774 5248 589 131901 48696
5040 668.584 11137 261414 6440 2901 145100 113934
5048 703.669 8839 189986 6870 1921 133315 55576
5040 668.584 8719 226412 7153 1480 138508 86936
5048 703.669 10245 176921 8703 1084 121021 56122
5040 668.584 9339 191158 8525 826 146406 45715
5048 703.669 8280 165610 6907 1343 112918 51448
5040 668.584 6963 183013 5461 1449 119895 61675
5048 703.669 7776 184665 5569 1879 96170 87065
5040 668.584 12142 203781 9543 1025 141626 60770
5048 703.669 8640 256134 4854 2087 118933 136230
5040 668.584 8223 256079 6190 1936 142368 111858
5048 703.669 6797 211546 5709 1109 129955 80374
5040 668.584 8495 223038 6483 1751 133334 89917
5048 703.669 8507 225322 5991 599 133969 89878
5040 668.584 9089 192429 5497 1353 115980 76387
5048 703.669 5952 181722 4509 1074 109269 73058
#station_id r_mc scin_hg_tot_sig wcd_hg_tot_sig scin_hg_em_sig scin_hg_mu_sig wcd_hg_em_sig wcd_hg_mu_sig
5040 668.584 15554 296198 13119 1970 177102 117877
5048 703.669 9940 258522 8462 1800 136528 121339
5040 668.584 9128 279821 5905 3294 179482 99382
5048 703.669 8522 195038 6268 2055 98180 92326
5040 668.584 5451 200186 4916 587 120432 78878
5048 703.669 6932 179089 6641 342 109318 71028
5040 668.584 9156 202922 6105 679 121451 79341
5048 703.669 7490 169952 5915 1556 111739 58368
5040 668.584 6872 164701 6067 570 101325 61739
5048 703.669 4798 153932 3826 752 93926 58517
5040 668.584 10662 236759 9030 1550 162117 74478
5048 703.669 5396 177064 4883 506 131668 45211
5040 668.584 7161 262200 5690 1449 176341 85800
5048 703.669 6764 282275 4763 1942 143924 133870
5040 668.584 6076 224302 4568 1046 122141 103733
5048 703.669 4887 176186 4155 634 86331 88674
5040 668.584 9989 246483 8760 577 134268 114468
5048 703.669 6963 188920 5052 1740 114684 73858
5040 668.584 7418 168088 5997 1423 109874 56374
5048 703.669 7070 150371 4742 1978 111464 41101
5040 668.584 8336 203139 7217 1221 156076 46952
5048 703.669 5245 149037 4577 755 102229 46747
5040 668.584 11019 311304 9720 1157 195240 116318
5048 703.669 8919 221536 8434 596 149547 71695
5040 668.584 10424 243346 8144 2184 176993 64692
5048 703.669 7313 167823 5303 1354 129020 38475
5040 668.584 10035 250126 8077 1881 173167 78500
5048 703.669 7066 227652 5644 933 122100 104730
5040 668.584 8543 235993 6746 1689 145039 88234
5048 703.669 7575 226062 5951 1532 128852 98863
5048 703.669 9936 209234 9548 367 127651 82959
5040 668.584 13141 226536 9025 1059 141574 83945
5040 668.584 12470 251137 10942 184 167161 81563
5048 703.669 8164 243304 6848 897 161394 81595
5040 668.584 11556 297864 8844 2818 161138 133757
5048 703.669 8309 233507 5684 1882 149376 86434
5040 668.584 10975 301091 9739 938 191391 103073
5048 703.669 7273 240058 6202 838 150906 86095
5040 668.584 9642 234194 8029 1624 157607 77405
5048 703.669 8428 163044 6659 1583 109044 51481
5040 668.584 10097 220662 7909 2226 153026 67084
5048 703.669 8927 175732 6935 2020 120537 56301
5040 668.584 11875 244024 10528 1112 192574 53110
5048 703.669 9306 218245 7865 1274 161421 56274
5040 668.584 8387 250963 7332 727 173776 77859
5048 703.669 7620 184641 6204 1441 140073 47507
5040 668.584 10849 276483 9693 1211 177354 102281
5048 703.669 11142 204334 9453 1418 150343 55263
5040 668.584 9223 241278 7224 1244 161917 78048
5048 703.669 11179 226074 8834 1374 134256 91151
5040 668.584 8385 188525 6672 1697 114575 71796
5048 703.669 4874 150356 4022 611 91659 58752
5040 668.584 8790 200250 6810 1739 121740 77904
5048 703.669 8549 202305 6552 1156 106735 93650
5040 668.584 10349 228427 8546 1234 170792 54854
5048 703.669 8459 225376 7226 1413 171425 54063
5040 668.584 13355 267268 11623 1760 163407 103257
5048 703.669 7612 233187 6265 1383 144948 89073
5040 668.584 9898 240890 8981 872 185340 53987
5048 703.669 7145 195153 6273 634 117977 80210
5040 668.584 9688 209762 8691 891 145155 63995
5048 703.669 7102 171214 6606 113 126430 45514
5040 668.584 7537 250292 5740 1680 164744 83860
5048 703.669 11867 256812 6969 889 175168 83290
5040 668.584 8633 213380 6681 1606 122090 88525
5048 703.669 8629 200964 6963 1328 115146 87839
5040 668.584 6755 212126 4171 2472 129347 84153
5048 703.669 8598 193627 7316 1033 133982 57363
5040 668.584 10561 303865 7873 2063 185463 115539
5048 703.669 5419 232300 4584 908 139444 91847
5040 668.584 12521 298616 11256 1415 180885 116695
5048 703.669 8129 231237 6931 1334 159879 69794
5040 668.584 8546 161591 7213 793 113578 46742
5048 703.669 7883 196998 5328 1881 105934 87781
5040 668.584 9640 210425 8517 1108 129326 81720
5048 703.669 5603 195390 5302 133 119376 75926
5040 668.584 9091 203083 8845 350 136690 65914
5048 703.669 8394 150975 7145 1243 102804 48351
5040 668.584 11265 332892 9761 1424 233079 98016
5048 703.669 9305 217258 6806 2501 145395 69398
5040 668.584 11247 266198 8206 1971 146079 117940
5048 703.669 6935 156285 5149 1793 94683 59946
5040 668.584 8589 291227 7555 1154 190932 99377
5048 703.669 5974 196608 4257 1117 136560 60020
5040 668.584 10819 261071 8662 2128 157638 100105
5048 703.669 11983 246550 8155 1960 145368 103152
5040 668.584 11459 266001 6856 3813 150383 115058
5048 703.669 7953 181950 5498 1816 107571 72897
5040 668.584 7754 256427 6555 1283 171484 87109
5048 703.669 5931 217918 3946 1987 129681 87434
5040 668.584 11779 273148 7591 3049 168325 107289
5048 703.669 7635 259247 6300 1352 155781 105562
5040 668.584 7493 278755 5794 1522 154901 124983
5048 703.669 6281 178115 4997 942 113205 65125
5040 668.584 11397 254428 8129 3170 157541 96414
5048 703.669 9940 215561 8339 1418 115394 100684
5040 668.584 7978 221325 5906 2164 144536 74589
5048 703.669 7275 225386 5586 1458 117618 105716
5040 668.584 7899 249906 6028 1649 153628 94416
5048 703.669 7397 196324 6007 1301 126110 72802
5040 668.584 5861 237992 5076 385 159240 79217
5048 703.669 6506 228331 4511 1783 115440 112100
5040 668.584 9191 229754 7728 1314 147919 81855
5048 703.669 7027 177619 6188 744 108574 71012
5040 668.584 7128 241787 5593 1350 154980 85057
5048 703.669 7064 234216 5467 833 145582 88122
5040 668.584 8445 238289 7567 969 166893 71060
5048 703.669 9833 211865 7659 1658 152801 57903
5040 668.584 8094 234907 7194 818 142844 91022
5048 703.669 11469 233878 9398 901 150964 80486
5040 668.584 7437 154008 6186 1271 117405 35910
5048 703.669 8509 145444 8322 332 120136 24055
5040 668.584 8623 230532 7224 1023 149991 77136
5048 703.669 7946 224398 5899 1951 134247 89661
5040 668.584 12370 227848 10025 453 158381 64859
5048 703.669 6556 170212 4987 1296 104945 66935
5040 668.584 7516 281084 5331 2089 170784 108896
5048 703.669 8680 197038 6236 1720 101527 94579
5040 668.584 7898 248281 6027 858 160335 86513
5048 703.669 7508 216602 6128 1369 111516 106028
5040 668.584 7449 274990 6176 1109 178561 98416
5048 703.669 9120 247905 7772 1281 140075 104700
5040 668.584 8593 240660 7031 1304 154492 84187
5048 703.669 4587 195271 3492 1058 131446 64073
5040 668.584 9140 244297 7589 1505 152935 91249
5048 703.669 9115 242086 6428 1844 178245 64016
5040 668.584 10196 266632 8229 1576 158695 107348
5048 703.669 8458 218096 7037 1357 145146 75978
5040 668.584 13525 263240 11696 2153 170134 91461
5048 703.669 8565 218009 8194 363 138860 76417
5040 668.584 12252 275468 6584 2663 151311 123045
5048 703.669 8881 244321 6661 1788 130534 114310
5040 668.584 8171 237385 7591 431 160135 72628
5048 703.669 7956 207729 6339 1130 165082 43595
5040 668.584 10485 279978 9681 1044 146450 135653
5048 703.669 7067 223888 5187 1736 121160 98867
5040 668.584 9541 223329 8019 1511 161560 63160
5048 703.669 8335 225828 7201 1084 145754 80383
5040 668.584 7754 217101 5192 2484 123031 93067
5048 703.669 5933 175213 4926 935 122190 52696
5040 668.584 9557 235002 6828 2394 150026 88217
5048 703.669 7011 164339 5665 1195 119010 46380
5040 668.584 6410 200465 5001 1506 124638 78114
5048 703.669 8757 212336 5602 2430 135746 74955
5040 668.584 6186 255913 4253 1975 161706 90217
5048 703.669 7653 253703 3918 3548 149428 104612
5040 668.584 7237 254333 4762 1497 116291 137063
5048 703.669 9099 234470 6758 2386 124531 112160
5040 668.584 7646 206426 6649 933 134341 72924
5048 703.669 5211 166633 3806 1371 95519 70755
5040 668.584 12774 254577 11774 959 178368 76371
5048 703.669 12198 243159 10436 1243 151836 93639
5040 668.584 9426 279872 7560 1698 191006 89781
5048 703.669 11902 198260 10246 1569 146757 51354
5040 668.584 11440 271536 8078 2192 195880 73369
5048 703.669 6787 203963 5493 1182 145929 56175
5040 668.584 7376 251291 6285 820 181604 70591
5048 703.669 9088 180907 6609 1704 119124 61245
5040 668.584 9745 268250 6457 2772 158757 108563
5048 703.669 4984 227993 3782 272 145308 78059
5040 668.584 11072 247580 9041 1813 165866 80412
5048 703.669 8964 204715 7363 1273 132002 71947
5040 668.584 9134 231523 7658 1382 155510 75778
5048 703.669 5678 182360 4250 1185 140702 40973
5040 668.584 7465 267623 5921 1467 171020 98202
5048 703.669 9661 205935 7210 2098 136862 69738
5040 668.584 9981 182377 8450 1345 146528 35909
5048 703.669 9408 194274 8055 1180 146917 48786
5040 668.584 10843 253641 9137 1401 194886 56790
5048 703.669 9226 242259 6770 1932 173816 70591
5040 668.584 11367 246815 7917 1797 137208 109395
5048 703.669 5910 262092 4374 1329 138348 123571
5040 668.584 7404 242248 5815 1352 170446 70721
5048 703.669 7864 192944 6443 1026 144785 49944
5040 668.584 11871 218660 10964 892 167652 50769
5048 703.669 11317 175915 9033 1105 124270 51785
5040 668.584 6187 197823 4766 1154 111326 87758
5048 703.669 6655 163248 5062 1564 98653 65508
5040 668.584 8853 232060 7716 1129 155629 75783
5048 703.669 8054 207125 6504 1400 141461 66732
5040 668.584 7287 214836 5661 1157 155610 60766
5048 703.669 6413 180618 3825 1863 111529 69339
5040 668.584 11274 258100 9139 1139 181732 76772
5048 703.669 8291 205782 6705 1571 133604 74975
5040 668.584 10504 284673 9335 1005 217618 68499
5048 703.669 7490 209065 6681 587 155405 52825
5040 668.584 12220 213219 10796 1378 177573 34683
5048 703.669 6870 217823 6151 798 152040 67909
5040 668.584 9290 254689 6629 2504 163259 91865
5048 703.669 8055 183778 6858 658 141203 42657
5040 668.584 8603 235307 4701 3731 132007 106356
5048 703.669 5405 169788 5231 247 112215 56652
5040 668.584 11040 314285 9753 1201 189568 122213
5048 703.669 8404 215783 6957 1026 153913 64642
5040 668.584 8994 242067 6542 2213 149751 90054
5048 703.669 9102 210291 6981 2047 120103 87917
5040 668.584 12403 256104 9875 1974 161032 92833
5048 703.669 8975 232459 6316 1788 160281 71622
5040 668.584 12445 301116 10700 1846 189813 112485
5048 703.669 9040 252179 8437 891 165701 86654
5040 668.584 5322 215065 4580 719 151247 59987
5048 703.669 9252 195818 7626 1395 128848 67351
5040 668.584 10200 244104 8417 1673 147865 96645
5048 703.669 9101 198790 7001 2127 135630 63575
5040 668.584 9437 215142 6827 2562 141789 74782
5048 703.669 4758 183792 4034 672 114299 67239
5040 668.584 10036 294995 7331 2600 152597 139757
5048 703.669 6397 200725 5143 1199 119309 78531
5040 668.584 8071 222310 5706 2023 130307 91089
5048 703.669 5603 190299 4908 766 118683 71727
5040 668.584 7013 235867 5049 2092 152364 80932
5048 703.669 6675 205579 4243 2301 131077 71451
5040 668.584 9203 214439 7465 1423 145765 64112
5048 703.669 6191 218140 4820 1410 104665 110230
5040 668.584 11475 202120 9388 1141 136292 61079
5048 703.669 10672 179455 7381 987 114530 63157
5040 668.584 7919 266336 6560 1408 179517 82168
5048 703.669 10865 204009 9081 1657 134451 68448
5040 668.584 11754 189342 11150 587 145429 45202
5048 703.669 6524 159855 5573 721 142585 16677
5040 668.584 13371 287389 10340 3041 162936 124396
5048 703.669 8193 184136 7264 961 133114 50656
5040 668.584 6724 220573 4892 1274 121925 98000
5048 703.669 4071 173231 3329 585 120202 52810
