#0   1      2      3        4     5    6    7    8    9            10                11               12                  13                    14                 15                 16               17                  18                19                 20              21               22       23
#ID TA_E TA_ZEN TA_EAST TA_NORTH MIP0 MIP1 VEM0 VEM1 VEM2 QGSJII-04_UMAHAL QGSJII-04_UMAHAL_UNC QGSJETII-03_UMAHAL QGSJETII-03_UMAHAL_UNC EPOS-LHC_UMAHAL EPOS-LHC_UMAHAL_UNC QGSJII-04_CMAHAL QGSJII-04_CMAHAL_UNC QGSJII-03_CMAHAL QGSJII-03_CMAHAL_UNC EPOS-LHC_CMAHAL EPOS-LHC_CMAHAL_UNC RHOMC_AS RHOMC_TA
9 3.42 23.40 -0.876 0.960 6.63 4.79 15.230 18.851 12.917 5.18 1.16 6.38 1.37 4.84 1.17 2.76 0.74 3.49 0.85 3.01 0.83 1210 1218
12 4.25 43.52 -1.238 0.650 8.07 8.70 15.321 20.594 20.986 3.94 0.77 4.78 0.88 3.31 0.78 1.69 0.45 2.49 0.45 1.78 0.52 1078 1079
13 3.61 40.74 -0.137 -0.896 27.88 26.95 37.599 41.137 42.252 1.28 0.09 1.15 0.16 1.64 0.14 2.25 0.15 1.84 0.14 2.31 0.15 703 668
34 4.57 38.44 -1.250 -0.134 18.87 18.15 24.550 26.361 24.444 6.55 0.26 7.64 0.31 5.45 0.24 3.72 0.14 4.45 0.17 3.80 0.16 1105 1079
49 4.58 38.28 -0.402 0.709 34.36 43.29 51.581 60.142 57.745 5.08 0.63 6.18 0.71 4.05 0.60 2.65 0.57 3.28 0.58 2.49 0.55 811 825
74 10.18 35.30 1.550 -0.205 2.23 5.54 14.663 13.979 15.129 2.82 0.23 3.24 0.21 2.26 0.22 1.03 0.25 1.32 0.19 1.12 0.26 1423 1442
80 7.57 22.23 -0.407 1.667 6.88 5.97 7.970 7.384 5.195 1.75 0.07 3.75 0.13 3.72 0.10 1.88 0.04 3.97 0.07 3.80 0.07 1580 1608
90 3.30 5.41 -0.966 0.279 18.44 14.66 29.658 32.849 33.450 6.68 0.53 7.71 0.58 6.21 0.51 3.74 0.35 4.48 0.39 4.23 0.39 1016 994
105 4.84 31.94 -0.328 0.234 502.87 544.61 465.144 503.049 548.793 3.25 0.73 3.47 0.64 2.75 0.83 2.83 0.88 2.56 0.83 2.78 0.87 382 369
111 4.96 39.92 0.129 1.548 5.66 11.00 7.096 5.919 7.102 2.15 1.11 2.39 1.08 1.94 0.98 1.89 0.86 2.07 1.04 2.00 0.90 1318 1361
119 4.93 32.64 0.613 0.512 47.74 55.21 109.112 112.822 90.987 10.66 1.41 11.95 1.60 9.09 1.30 6.20 0.90 7.30 1.03 6.63 0.96 775 827
154 3.13 40.82 -0.246 -0.037 808.54 816.75 882.748 754.737 962.427 1.41 0.65 1.69 0.76 1.17 0.43 1.09 0.33 1.14 0.35 1.25 0.44 242 199
165 4.24 22.79 -0.536 0.808 11.06 6.25 12.673 11.231 11.322 1.77 0.77 1.85 0.71 2.22 0.57 2.14 0.57 967 982
181 3.24 16.29 -0.023 -0.361 64.59 72.81 82.261 79.912 96.314 10.54 0.13 10.71 0.13 10.10 0.12 10.42 0.13 355 317
188 3.11 41.15 0.742 0.680 11.71 13.36 46.895 47.384 57.561 8.07 1.78 6.78 1.61 4.23 1.15 4.22 1.18 857 901
