#station_id r_mc scin_hg_tot_sig wcd_hg_tot_sig scin_hg_em_sig scin_hg_mu_sig wcd_hg_em_sig wcd_hg_mu_sig
5040 1348.03 616 15430 546 0 11447 4042
5048 1370.73 577 14417 422 156 3582 10564
5040 1348.03 66 7108 71 0 7221 0
5048 1370.73 246 26052 0 223 16905 8144
5040 1348.03 763 7897 760 0 7639 0
5048 1370.73 868 16605 666 159 12622 3773
5040 1348.03 1097 22700 1037 137 6147 16124
5048 1370.73 326 4843 330 0 4694 0
5040 1348.03 519 9540 158 274 6996 2222
5048 1370.73 40 16187 20 0 4135 12242
5040 1348.03 -31 12703 20 0 7244 5705
5048 1370.73 507 11682 180 326 3758 7503
5040 1348.03 725 13926 554 126 3690 9546
5048 1370.73 340 3276 317 0 2917 0
5040 1348.03 1206 16951 627 584 11061 5991
5048 1370.73 176 2746 183 0 2725 0
5040 1348.03 531 16400 519 0 4540 11517
5048 1370.73 0 8050 0 0 5772 2070
5040 1348.03 383 5128 398 0 5071 0
5048 1370.73 1524 7284 1529 0 7451 0
5040 1348.03 205 14638 155 0 9106 5106
5048 1370.73 317 6194 289 0 5668 0
5040 1348.03 467 14903 261 268 10395 4266
5048 1370.73 353 8265 131 203 3969 4176
5040 1348.03 -21 15253 0 0 15632 0
5048 1370.73 351 15333 292 0 15258 0
5040 1348.03 571 18517 520 0 10419 8180
5048 1370.73 1423 18288 1181 176 9067 9513
5040 1348.03 483 5116 387 0 5285 0
5048 1370.73 111 3170 100 0 3108 0
5040 1348.03 5 8367 0 0 7990 0
5048 1370.73 10 9516 28 0 6593 2998
5040 1348.03 443 11062 155 278 5242 5069
5048 1370.73 228 8427 199 0 5723 2525
5040 1348.03 409 6475 344 0 5950 0
5048 1370.73 343 7729 267 0 7853 0
5040 1348.03 537 11013 555 0 10672 0
5048 1370.73 380 8552 385 0 4558 3596
5040 1348.03 203 13762 0 0 8971 4167
5048 1370.73 1339 6613 663 253 5736 850
5040 1348.03 295 1852 280 0 1877 0
5048 1370.73 526 9820 286 231 5025 4606
5040 1348.03 393 11904 135 204 11936 0
5048 1370.73 174 15646 182 0 12836 2813
5040 1348.03 65 17103 17 0 10929 5642
5048 1370.73 412 12532 364 0 7985 4809
5040 1348.03 0 12419 0 0 3863 8591
5048 1370.73 856 24650 921 0 19907 4055
5040 1348.03 98 10471 236 0 6264 4467
5048 1370.73 466 9133 367 0 3841 4792
5040 1348.03 415 21174 248 168 8706 12129
5048 1370.73 40 3797 23 0 3246 620
5040 1348.03 452 13647 215 191 4521 8966
5048 1370.73 221 9808 0 192 6502 2846
5040 1348.03 0 7595 0 0 6100 1696
5048 1370.73 905 23561 394 430 15812 7576
5040 1348.03 721 10753 105 594 6869 3299
5048 1370.73 337 4602 281 0 4398 0
5040 1348.03 34 11257 0 0 7104 4221
5048 1370.73 177 11475 37 207 9421 2518
5040 1348.03 469 10348 411 0 5564 4538
5048 1370.73 1106 3811 385 0 3844 0
5040 1348.03 441 13976 254 187 4666 8601
5048 1370.73 435 8489 152 287 4762 3572
5040 1348.03 388 12675 184 167 6323 6128
5048 1370.73 1366 23253 538 823 9978 14569
5040 1348.03 193 14993 1 208 13395 1892
5048 1370.73 803 8107 534 188 3017 4567
5040 1348.03 722 9573 747 0 8808 0
5048 1370.73 343 13676 245 0 8576 5445
5040 1348.03 509 28399 181 341 12367 15774
5048 1370.73 200 14368 41 157 6283 7979
5040 1348.03 14 4160 13 0 3465 0
5048 1370.73 -5 4858 39 0 4628 0
5040 1348.03 284 3391 309 0 3236 0
5048 1370.73 143 6859 67 0 3486 3546
5040 1348.03 578 15557 341 186 14208 1343
5048 1370.73 112 5530 0 124 3054 2387
5040 1348.03 317 18606 145 196 7430 10834
5048 1370.73 109 5454 90 0 5538 0
5040 1348.03 406 16578 94 303 6969 9341
5048 1370.73 442 23543 173 295 7418 14618
5040 1348.03 775 13480 364 0 12159 456
5048 1370.73 111 7007 127 0 6437 0
5040 1348.03 73 17535 54 0 7407 10437
5048 1370.73 154 7631 179 0 4372 2543
5040 1348.03 462 8377 499 0 8685 0
5048 1370.73 -1 5767 2 0 5974 0
5040 1348.03 155 5680 0 145 3961 1670
5048 1370.73 531 14546 184 287 4890 8552
5040 1348.03 681 7536 613 0 6937 0
5048 1370.73 424 8378 392 0 8412 0
5040 1348.03 822 10627 574 184 4734 5334
5048 1370.73 106 4118 43 114 3895 0
5040 1348.03 249 10916 335 0 5337 5590
5048 1370.73 6 5531 45 0 5875 0
5040 1348.03 586 24033 196 381 6262 16846
5048 1370.73 547 9229 443 0 4351 5064
5040 1348.03 60 12013 38 0 11354 0
5048 1370.73 705 11704 330 304 6610 4838
5040 1348.03 695 11652 341 331 5521 6046
5048 1370.73 225 14498 0 255 6310 8088
5040 1348.03 328 28272 28 291 5466 22416
5048 1370.73 15 12702 0 0 7021 5317
5040 1348.03 1302 15780 1090 166 3549 11757
5048 1370.73 397 13290 309 100 7955 4682
5040 1348.03 818 20990 242 542 8626 12493
5048 1370.73 41 3534 74 0 3243 0
5040 1348.03 626 8660 531 0 4161 4418
5048 1370.73 1137 4924 944 214 2427 1998
5040 1348.03 820 5267 834 0 4901 0
5048 1370.73 38 9020 0 0 8281 569
5040 1348.03 -3 8119 9 0 3434 4282
5048 1370.73 424 7811 465 0 7128 334
5040 1348.03 429 14354 241 146 9631 4324
5048 1370.73 15 6004 0 0 4779 1028
5040 1348.03 392 15366 349 0 5808 8923
5048 1370.73 790 7123 746 0 6950 0
5040 1348.03 593 15663 625 0 10900 4340
5048 1370.73 311 13019 253 0 10323 2347
5040 1348.03 112 10784 2 110 6123 4065
5048 1370.73 47 3414 41 0 3261 0
5040 1348.03 630 11219 627 0 7493 4008
5048 1370.73 410 6781 428 0 4713 1988
5040 1348.03 155 15230 85 0 14650 624
5048 1370.73 0 7791 0 0 2401 5226
5040 1348.03 315 19691 282 0 4228 14320
5048 1370.73 453 10719 23 410 6312 3787
5048 1370.73 86 10581 7 0 5471 5126
5040 1348.03 724 11036 138 572 5181 5940
5040 1348.03 614 13707 353 0 4901 8369
5048 1370.73 701 16252 408 284 8511 7403
5040 1348.03 2 4820 5 0 4632 0
5048 1370.73 55 2869 88 0 2842 0
5040 1348.03 675 11412 619 0 6225 4999
5048 1370.73 142 6090 137 0 6641 0
5040 1348.03 437 7458 180 211 7106 0
5048 1370.73 498 4551 466 0 4075 0
5048 1370.73 390 13421 176 164 4885 8027
5040 1348.03 221 11850 0 0 11368 0
5040 1348.03 672 15763 529 97 5528 9074
5048 1370.73 560 16040 431 141 10823 5020
5040 1348.03 -26 4384 2 0 4526 0
5048 1370.73 33 4029 22 0 3044 926
5040 1348.03 77 3216 86 0 2747 0
5048 1370.73 295 10726 0 352 5520 5167
5040 1348.03 299 39188 130 121 14218 24229
5048 1370.73 176 11949 4 135 1868 10249
5040 1348.03 371 16544 195 179 6855 9562
5048 1370.73 423 6650 387 0 6387 0
5040 1348.03 1115 10333 893 152 4763 4683
5048 1370.73 554 7899 11 116 5397 2439
5040 1348.03 98 7972 110 0 7867 0
5048 1370.73 247 10070 231 0 6866 2924
5040 1348.03 598 13455 498 0 9207 4551
5048 1370.73 1261 14823 91 0 9847 4513
5040 1348.03 339 12580 326 0 8764 4085
5048 1370.73 -13 11763 42 0 10644 667
5040 1348.03 210 16696 208 0 16393 0
5048 1370.73 65 10035 72 0 9473 0
5040 1348.03 852 6988 797 0 6957 0
5048 1370.73 480 11195 281 183 5983 4585
5040 1348.03 831 13200 735 0 6047 6582
5048 1370.73 154 10056 204 0 5244 4731
5040 1348.03 878 14184 518 375 4683 8750
5048 1370.73 75 16068 41 0 4833 11634
5040 1348.03 123 13950 15 114 10131 4495
5048 1370.73 949 5564 904 0 5264 0
5040 1348.03 536 4745 503 0 4966 0
5048 1370.73 805 23266 320 515 7378 15902
5040 1348.03 442 23460 4 341 7546 16072
5048 1370.73 -52 12708 10 0 7406 5359
5040 1348.03 896 7024 934 0 7487 0
5048 1370.73 -9 5938 13 0 5832 0
5040 1348.03 0 10954 0 0 8669 2274
5048 1370.73 701 7025 731 0 2582 4215
5040 1348.03 9 4059 0 0 4118 0
5048 1370.73 664 27687 56 594 7860 18988
5040 1348.03 536 8654 160 303 7000 1783
5048 1370.73 426 19068 448 0 9809 9110
5040 1348.03 179 13657 177 0 7556 5838
5048 1370.73 335 5366 349 0 5147 0
5040 1348.03 115 7003 124 0 2935 3876
5048 1370.73 802 4941 716 0 5090 0
5040 1348.03 371 5534 377 0 3078 2846
5048 1370.73 375 8207 236 159 3268 5055
5040 1348.03 116 9741 57 0 9815 0
5048 1370.73 219 17016 175 0 3304 13669
5040 1348.03 137 4210 131 0 4034 0
5048 1370.73 238 9907 64 175 5185 4309
5040 1348.03 65 12649 24 0 7049 5493
5048 1370.73 681 9483 698 0 4166 5199
5040 1348.03 788 11977 624 117 4889 6975
5048 1370.73 201 5825 213 0 5945 0
5040 1348.03 3394 10333 811 133 4622 4802
5048 1370.73 571 13820 123 441 5299 8217
5040 1348.03 568 14213 194 356 4716 9116
5048 1370.73 425 15998 420 0 12568 1678
5040 1348.03 129 12676 163 0 11718 1189
5048 1370.73 598 19599 388 174 5942 13408
5040 1348.03 0 15106 0 0 11649 2453
5048 1370.73 216 12132 97 0 11743 0
5040 1348.03 146 13846 192 0 6212 7653
5048 1370.73 0 12376 0 0 6271 5814
5040 1348.03 732 3997 697 0 1816 1899
5048 1370.73 1191 21974 466 633 5683 15808
5040 1348.03 242 15016 201 0 10510 4794
5048 1370.73 266 11828 106 188 2392 9319
5040 1348.03 800 3673 792 0 3314 0
5048 1370.73 433 7043 186 146 3287 3582
5040 1348.03 96 8214 40 0 5728 2416
5048 1370.73 51 3831 49 0 3234 0
5040 1348.03 682 9570 667 0 8070 1037
5048 1370.73 196 11860 29 180 9466 2709
5040 1348.03 448 11166 55 337 6695 4582
5048 1370.73 759 7957 657 154 2088 5125
5040 1348.03 199 20520 9 155 11456 8795
5048 1370.73 1425 9166 819 656 2736 5387
5040 1348.03 134 7924 169 0 7650 0
5048 1370.73 385 7767 372 0 7914 0
#station_id r_mc scin_hg_tot_sig wcd_hg_tot_sig scin_hg_em_sig scin_hg_mu_sig wcd_hg_em_sig wcd_hg_mu_sig
5040 1348.03 389 8638 364 0 3489 5696
5048 1370.73 -32 6489 15 0 6477 0
5040 1348.03 392 4870 310 0 5033 183
5048 1370.73 660 8625 691 0 4659 3667
5040 1348.03 354 3702 374 0 3470 0
5048 1370.73 1183 8290 1105 0 3849 4202
5040 1348.03 728 12788 721 0 8744 4167
5048 1370.73 277 4822 0 0 4177 0
5040 1348.03 473 14032 475 0 8921 5953
5048 1370.73 393 8461 399 0 4178 3767
5040 1348.03 60 3445 24 0 3409 3
5048 1370.73 272 4518 230 0 4735 0
5040 1348.03 779 9394 787 0 9234 0
5048 1370.73 11 9272 13 0 8629 0
5040 1348.03 370 1354 401 0 1394 0
5048 1370.73 23 1742 55 0 1912 0
5040 1348.03 273 20148 104 165 3848 17036
5048 1370.73 70 11458 10 0 7792 3591
5040 1348.03 562 22632 73 201 11770 11142
5048 1370.73 109 12262 70 0 2873 9280
5040 1348.03 723 8380 719 0 8234 0
5048 1370.73 514 17894 273 244 9634 8630
5040 1348.03 520 9743 258 202 4281 5335
5048 1370.73 510 18417 77 345 5909 12586
5040 1348.03 482 16081 412 0 11672 4101
5048 1370.73 647 12110 129 460 4706 7919
5040 1348.03 59 7274 50 0 7062 0
5048 1370.73 597 12723 646 0 7047 5000
5040 1348.03 0 15558 0 0 14447 1553
5048 1370.73 160 10304 12 141 5284 4827
5040 1348.03 124 9114 169 0 3797 6111
5048 1370.73 35 18037 0 0 8720 8233
5040 1348.03 640 18165 34 540 4060 13955
5048 1370.73 0 3560 0 0 3357 0
5040 1348.03 142 12859 152 0 9730 2544
5048 1370.73 28 7870 33 0 3277 4052
5040 1348.03 708 10780 631 0 5903 5157
5048 1370.73 384 19511 347 0 11615 7648
5040 1348.03 337 15289 174 188 5750 10370
5048 1370.73 948 11714 604 370 5022 6305
5040 1348.03 40 9130 3 0 4401 4961
5048 1370.73 528 6491 483 0 5958 272
5040 1348.03 229 7415 303 0 5667 1116
5048 1370.73 227 27564 1 246 8037 18350
5040 1348.03 1037 22715 1058 0 16641 6165
5048 1370.73 1689 21759 1002 716 9625 10960
5040 1348.03 593 14273 321 372 9787 4274
5048 1370.73 1619 9935 281 201 4895 4436
5040 1348.03 2617 6600 45 0 5054 1135
5048 1370.73 404 11860 123 268 5026 7132
5040 1348.03 647 9498 479 90 5346 4316
5048 1370.73 698 6259 663 0 5444 177
5040 1348.03 552 12757 425 0 12910 0
5048 1370.73 714 12855 8 680 4702 8320
5040 1348.03 673 13322 628 0 5980 7100
5048 1370.73 361 9690 359 0 5051 4572
5040 1348.03 271 23731 182 123 11639 11260
5048 1370.73 48 4391 37 0 4006 0
5040 1348.03 259 11295 252 0 3424 7734
5048 1370.73 1327 19279 558 206 6407 12880
5040 1348.03 269 4824 233 0 4624 0
5048 1370.73 726 5256 706 0 4797 0
5040 1348.03 310 20422 340 0 16428 5032
5048 1370.73 100 8243 0 117 4485 3587
5040 1348.03 722 15230 309 0 9649 5075
5048 1370.73 428 11030 416 0 7420 3959
5040 1348.03 462 4995 417 0 5378 0
5048 1370.73 840 6547 878 0 6212 0
5040 1348.03 773 10390 792 0 6047 4100
5048 1370.73 169 7141 147 0 7011 0
5040 1348.03 202 17749 219 0 12560 4860
5048 1370.73 602 5134 310 216 4662 21
5040 1348.03 849 8311 775 132 3651 4530
5048 1370.73 621 17152 611 0 7303 9520
5040 1348.03 567 11443 529 132 2762 9158
5048 1370.73 216 11624 187 0 7553 4155
5040 1348.03 48 10828 41 0 5483 5112
5048 1370.73 142 11497 128 0 6273 4775
5040 1348.03 1287 13645 1054 165 2743 11204
5048 1370.73 522 7692 2 0 7656 0
5040 1348.03 143 6738 155 0 6801 0
5048 1370.73 0 8981 0 0 3877 4932
5040 1348.03 329 17390 0 299 4282 12747
5048 1370.73 890 9763 626 232 7649 2093
5040 1348.03 120 13674 0 126 6945 6521
5048 1370.73 226 7340 106 180 5850 1518
5040 1348.03 14 10952 50 0 10223 0
5048 1370.73 0 4060 0 0 4130 0
5040 1348.03 1367 14117 1400 0 13444 0
5048 1370.73 621 19856 379 326 10639 8527
5040 1348.03 642 12007 686 0 12085 0
5048 1370.73 740 20022 312 450 11679 8386
5040 1348.03 263 1384 148 130 1264 0
5048 1370.73 273 4961 255 0 3290 1771
5040 1348.03 739 4939 755 0 5393 0
5048 1370.73 334 15516 403 0 10251 4475
5040 1348.03 414 18182 181 268 7114 10710
5048 1370.73 179 29109 0 170 5806 22556
5040 1348.03 148 6021 96 0 5973 0
5048 1370.73 199 4679 123 0 4472 0
5040 1348.03 45 6529 2 0 3170 3138
5048 1370.73 275 11467 272 0 11893 0
5040 1348.03 718 8195 378 354 8161 1180
5048 1370.73 938 20280 736 263 7193 12662
5040 1348.03 161 12541 93 143 7622 4695
5048 1370.73 349 9109 310 0 9022 0
5040 1348.03 321 12731 78 207 8073 5227
5048 1370.73 13 12541 42 0 7945 4516
5040 1348.03 571 6919 491 0 3065 4258
5048 1370.73 9 3639 12 0 3340 0
5040 1348.03 257 9072 303 0 4087 4913
5048 1370.73 854 11713 689 157 5004 7222
5040 1348.03 844 18494 473 401 9662 9042
5048 1370.73 927 7556 1029 0 6579 557
5040 1348.03 258 13568 61 160 4576 7709
5048 1370.73 929 5274 918 0 5386 0
5040 1348.03 292 20626 208 0 6408 14488
5048 1370.73 594 16856 106 427 6057 10795
5040 1348.03 227 15152 244 0 7313 7806
5048 1370.73 425 4097 462 0 4130 0
5040 1348.03 504 9991 221 254 3023 6571
5048 1370.73 210 4683 171 0 4205 0
5040 1348.03 470 10193 460 0 10314 0
5048 1370.73 310 7820 138 195 6887 433
5040 1348.03 0 6449 0 0 3224 3316
5048 1370.73 311 13647 252 0 4566 9351
5040 1348.03 587 19240 371 186 12518 5913
5048 1370.73 256 17459 162 109 13177 4210
5040 1348.03 372 4592 127 267 4700 0
5048 1370.73 234 15370 26 191 5820 9880
5040 1348.03 720 16886 573 113 3428 13296
5048 1370.73 446 20797 358 0 12551 7857
5048 1370.73 59 18565 41 0 10390 7402
5040 1348.03 809 10809 783 122 6809 4172
5040 1348.03 332 9527 249 0 5217 4408
5048 1370.73 523 11640 20 527 3226 7601
5040 1348.03 46 11386 10 0 3756 7252
5048 1370.73 262 5974 243 0 2316 3886
5040 1348.03 26 18473 22 0 7341 10215
5048 1370.73 321 14612 137 201 4541 9615
5040 1348.03 859 17394 831 0 6817 10346
5048 1370.73 388 4136 295 0 4282 0
5040 1348.03 178 8308 18 191 3112 4934
5048 1370.73 511 19443 482 0 7816 13320
5040 1348.03 40 10027 7 0 5831 4978
5048 1370.73 0 3780 0 0 3361 0
5040 1348.03 596 23382 436 168 9310 14387
5048 1370.73 52 7947 66 0 7592 0
5040 1348.03 14 11449 0 0 10943 0
5048 1370.73 201 12530 205 0 8776 2657
5040 1348.03 303 14326 0 268 4320 9817
5048 1370.73 260 9342 283 0 4795 4304
5040 1348.03 958 11241 847 115 6711 4010
5048 1370.73 194 3878 164 0 3693 0
5040 1348.03 12 1150 0 0 1121 0
5048 1370.73 93 3078 106 0 2866 0
5040 1348.03 276 10554 246 0 8357 2127
5048 1370.73 528 19403 536 0 17116 2246
5040 1348.03 385 7002 342 0 2665 4550
5048 1370.73 0 7913 0 0 2550 5165
5040 1348.03 -6 9611 10 0 5569 3944
5048 1370.73 129 3698 106 0 3432 0
5040 1348.03 259 11659 209 0 6185 5104
5048 1370.73 389 8441 309 0 7788 567
5040 1348.03 360 7992 186 0 2096 5414
5048 1370.73 635 9477 730 0 9400 0
5040 1348.03 939 13866 626 286 5861 7844
5048 1370.73 653 13831 301 341 3209 9969
5040 1348.03 589 29037 213 371 17586 11495
5048 1370.73 225 16524 213 0 4611 11688
5040 1348.03 254 15092 26 0 14941 0
5048 1370.73 1899 16885 1344 524 9389 7023
5040 1348.03 151 2487 141 0 2107 0
5048 1370.73 335 13481 22 259 7311 5778
5040 1348.03 311 18600 64 192 10136 8659
5048 1370.73 1622 9376 315 194 4685 4518
5040 1348.03 890 11597 782 100 6412 4599
5048 1370.73 89 15910 98 0 13084 2244
5040 1348.03 77 13655 117 0 6329 7111
5048 1370.73 453 11633 223 173 6212 5307
5040 1348.03 344 10672 66 269 5872 5327
5048 1370.73 32 7707 31 0 7629 0
5040 1348.03 372 26092 15 387 4754 20150
5048 1370.73 260 9372 252 0 8520 0
5040 1348.03 0 11758 0 0 6826 4528
5048 1370.73 808 11151 692 81 6324 4443
5040 1348.03 830 4672 879 0 4193 0
5048 1370.73 611 5310 589 0 4873 0
5040 1348.03 4 6297 15 0 5482 0
5048 1370.73 302 7020 273 0 6473 0
5040 1348.03 145 14159 5 165 4837 8843
5048 1370.73 390 3716 331 0 3560 0
5040 1348.03 416 4751 414 0 4607 0
5048 1370.73 424 9949 418 0 4835 5147
5040 1348.03 311 18964 313 0 12807 4655
5048 1370.73 17 5106 13 0 5301 0
5040 1348.03 104 14869 98 0 14113 0
5048 1370.73 861 21351 395 453 8264 13192
5040 1348.03 214 13043 179 0 5716 7590
5048 1370.73 66 9948 51 0 9882 0
5040 1348.03 302 10091 328 0 3238 7230
5048 1370.73 258 4978 135 117 3889 1170
5040 1348.03 265 16233 51 198 13331 2937
5048 1370.73 200 18289 0 253 7956 9919
5040 1348.03 63 4576 0 0 4298 0
5048 1370.73 443 10747 397 0 4607 5322
5040 1348.03 341 19105 326 0 5689 13849
5048 1370.73 399 21418 258 184 2657 18140
5040 1348.03 137 6491 199 0 4978 1005
5048 1370.73 300 7871 289 0 7773 0
5040 1348.03 624 14797 630 0 10147 4363
5048 1370.73 246 12052 262 0 3208 8394
5040 1348.03 461 13832 77 330 3703 9103
5048 1370.73 192 9872 189 0 5783 3907
5040 1348.03 284 2866 331 0 2305 784
5048 1370.73 189 16208 1 182 6893 9399
#station_id r_mc scin_hg_tot_sig wcd_hg_tot_sig scin_hg_em_sig scin_hg_mu_sig wcd_hg_em_sig wcd_hg_mu_sig
5040 1348.03 542 18100 590 0 12611 5074
5048 1370.73 152 7674 117 0 8407 0
5040 1348.03 239 7508 134 163 6254 1585
5048 1370.73 51 8815 10 0 8013 0
5040 1348.03 535 15527 654 0 5737 9116
5048 1370.73 468 17248 248 173 9176 8697
5040 1348.03 132 18863 17 142 7403 10956
5048 1370.73 346 23648 113 216 13763 8914
5040 1348.03 339 13060 1 336 4087 9070
5048 1370.73 -10 8532 3 0 8943 0
5040 1348.03 615 20411 391 203 5123 15971
5048 1370.73 332 4842 340 0 4683 0
5040 1348.03 324 13904 152 0 13068 0
5048 1370.73 1184 17125 764 408 7213 9167
5040 1348.03 0 23557 0 0 17441 4868
5048 1370.73 91 1342 167 0 1128 0
5048 1370.73 46 10585 50 0 2985 7038
5040 1348.03 447 17446 36 416 4317 12569
5040 1348.03 233 18095 192 0 10580 7968
5048 1370.73 560 9085 72 471 3904 4973
5040 1348.03 362 3827 368 0 3777 0
5048 1370.73 0 5345 0 0 5406 0
5040 1348.03 793 7161 780 0 5903 1256
5048 1370.73 529 8907 528 0 8767 0
5040 1348.03 227 24482 205 0 15819 7705
5048 1370.73 171 9461 0 163 4843 3894
5040 1348.03 517 13780 158 324 4772 8671
5048 1370.73 461 17658 130 329 7374 10967
5040 1348.03 426 15292 193 0 10965 4663
5048 1370.73 369 23905 40 312 7141 17439
5040 1348.03 479 13032 57 422 4932 7843
5048 1370.73 150 16747 206 0 16036 0
5040 1348.03 0 2503 0 0 2322 0
5048 1370.73 167 2299 157 0 2132 0
5040 1348.03 1155 5147 1164 0 4788 0
5048 1370.73 35 7817 22 0 2586 4857
5040 1348.03 292 16989 123 127 8130 8690
5048 1370.73 0 12920 0 0 10547 1886
5040 1348.03 261 26229 0 328 7425 18933
5048 1370.73 391 6790 381 0 7103 0
5040 1348.03 175 7858 164 0 7289 0
5048 1370.73 157 6825 122 0 2652 4476
5040 1348.03 307 13178 160 106 3464 9018
5048 1370.73 1093 8763 821 185 3821 4939
5040 1348.03 37 2018 19 0 2051 0
5048 1370.73 538 2748 575 0 2599 0
5040 1348.03 1375 14704 1295 0 10805 4168
5048 1370.73 68 13219 118 0 8952 4107
5040 1348.03 0 15350 0 0 10173 5223
5048 1370.73 195 18779 164 0 5455 12784
5040 1348.03 161 4857 3 0 4314 0
5048 1370.73 635 9147 666 0 5727 3917
5040 1348.03 0 10797 0 0 2439 8410
5048 1370.73 -5 5794 0 0 1942 3878
5040 1348.03 189 14528 187 0 8993 4767
5048 1370.73 255 9290 277 0 5808 3479
5040 1348.03 729 30248 369 454 11279 17652
5048 1370.73 40 5022 25 0 5107 17
5040 1348.03 81 6558 113 0 3381 3162
5048 1370.73 171 9331 10 121 1909 7056
5040 1348.03 259 6001 0 0 5877 0
5048 1370.73 0 2409 0 0 2156 0
5040 1348.03 252 13195 192 0 13045 0
5048 1370.73 481 8044 257 217 2952 4613
5040 1348.03 177 9736 0 168 931 8928
5048 1370.73 136 7584 192 0 7435 0
5040 1348.03 525 12301 285 207 6616 5433
5048 1370.73 259 8783 212 0 6358 1601
5040 1348.03 122 16732 9 130 4627 12091
5048 1370.73 385 6491 360 0 6696 0
5040 1348.03 345 11927 305 0 5762 5445
5048 1370.73 750 22848 637 90 12152 10827
5040 1348.03 387 17462 400 0 8997 8509
5048 1370.73 12 11950 11 0 4970 6863
5040 1348.03 707 12210 156 526 2439 10278
5048 1370.73 480 7734 41 360 7481 623
5040 1348.03 302 28124 14 274 14952 12792
5048 1370.73 14 8096 35 0 1680 6180
5040 1348.03 351 13027 220 189 9122 4088
5048 1370.73 -16 10617 6 0 6970 3634
5040 1348.03 558 14501 175 385 4424 9422
5048 1370.73 317 3112 263 0 3098 0
5040 1348.03 21 9137 16 0 9219 0
5048 1370.73 0 14342 0 0 9595 4443
5040 1348.03 216 11111 236 0 4319 6300
5048 1370.73 1564 16844 869 657 7476 9724
5040 1348.03 235 14254 276 0 14175 0
5048 1370.73 23 13846 3 0 8572 5059
5040 1348.03 302 24799 139 141 6980 16900
5048 1370.73 18 8398 41 0 3098 5330
5040 1348.03 291 6095 300 0 5688 0
5048 1370.73 762 15015 571 167 10037 4453
5040 1348.03 0 12952 0 0 9583 3610
5048 1370.73 840 15891 109 387 6363 8962
5040 1348.03 124 1767 159 0 1731 0
5048 1370.73 0 27980 0 0 3651 24210
5040 1348.03 12 6301 24 0 1627 4487
5048 1370.73 595 13829 635 0 4157 9213
5040 1348.03 316 8892 58 241 6335 1455
5048 1370.73 231 8028 0 221 5367 2322
5040 1348.03 145 14104 0 118 4462 8609
5048 1370.73 507 6709 443 0 6781 0
5040 1348.03 395 22562 237 180 19275 3167
5048 1370.73 507 30681 220 314 5511 24032
5048 1370.73 60 19319 82 0 15518 3560
5040 1348.03 63 5678 6 0 5682 0
5040 1348.03 447 22513 276 147 7013 14702
5048 1370.73 449 11749 400 0 6388 5419
5040 1348.03 243 10318 190 0 5740 4726
5048 1370.73 1003 22419 805 248 15664 6113
5040 1348.03 285 15765 228 0 9732 5727
5048 1370.73 20 6226 38 0 5860 0
5040 1348.03 650 14311 451 123 5899 8319
5048 1370.73 865 13804 247 652 1920 12397
5040 1348.03 433 13606 190 189 10002 3402
5048 1370.73 370 2893 345 0 2613 0
5040 1348.03 13 3030 82 0 2915 0
5048 1370.73 920 15795 490 378 4831 10999
5040 1348.03 89 7539 77 0 3410 3927
5048 1370.73 338 6325 140 219 4845 1510
5040 1348.03 328 11554 298 0 7001 4520
5048 1370.73 350 13797 294 0 8808 4914
5040 1348.03 628 11784 577 0 5774 6002
5048 1370.73 279 9832 282 0 5383 4944
5040 1348.03 371 9537 397 0 9157 0
5048 1370.73 561 7210 382 204 2088 4679
5040 1348.03 754 9905 414 0 9588 273
5048 1370.73 832 7866 262 111 3658 4632
5040 1348.03 369 12568 196 197 7593 5292
5048 1370.73 800 10065 732 0 9967 0
5040 1348.03 380 13234 436 0 4825 8706
5048 1370.73 310 18314 0 314 6932 10262
5040 1348.03 1437 7517 1034 0 6068 1186
5048 1370.73 0 8320 0 0 3461 4520
5040 1348.03 375 12547 118 239 6998 5226
5048 1370.73 641 17866 308 274 6709 11233
5040 1348.03 292 22308 117 156 8367 12516
5048 1370.73 513 6053 495 0 6319 0
5040 1348.03 1639 13392 1455 149 7835 4794
5048 1370.73 5 8498 109 0 3858 3796
5040 1348.03 41 1768 37 0 1803 0
5048 1370.73 0 3225 0 0 3356 0
5040 1348.03 168 14366 185 0 4893 9110
5048 1370.73 566 22742 529 1 8135 13960
5040 1348.03 74 8182 0 156 3291 4775
5048 1370.73 973 23401 483 555 7324 14257
5040 1348.03 505 11080 464 0 10876 0
5048 1370.73 525 16369 240 0 13569 2445
5040 1348.03 205 15473 222 0 10213 4798
5048 1370.73 234 13226 2 195 8158 4921
5040 1348.03 464 13297 434 0 8974 4394
5048 1370.73 744 12773 804 0 12045 0
5040 1348.03 0 13757 0 0 9106 4682
5048 1370.73 611 6159 192 0 5435 0
5040 1348.03 467 10286 308 106 2911 7000
5048 1370.73 539 7321 334 207 5902 1332
5040 1348.03 514 9135 149 467 4924 4313
5048 1370.73 237 8388 289 0 8492 0
5040 1348.03 -11 5538 0 0 4659 365
5048 1370.73 234 21486 247 0 17471 4193
5040 1348.03 73 5287 16 0 5103 0
5048 1370.73 28 8399 0 0 8087 530
5040 1348.03 156 15283 176 0 6626 7952
5048 1370.73 849 12863 770 0 13238 0
5040 1348.03 0 3676 0 0 3133 499
5048 1370.73 118 10887 4 149 2883 7986
5040 1348.03 824 4497 706 102 4666 0
5048 1370.73 168 5237 136 0 4711 0
5040 1348.03 458 12169 290 125 3621 8491
5048 1370.73 594 22894 436 196 6959 15473
5040 1348.03 205 12158 19 216 8985 3328
5048 1370.73 -45 13809 16 0 13617 294
5040 1348.03 213 11095 62 153 7179 3813
5048 1370.73 214 14801 107 126 6395 8254
5040 1348.03 62 21828 77 0 14209 8143
5048 1370.73 833 11231 508 325 2694 7949
5040 1348.03 484 15109 382 150 7262 7712
5048 1370.73 2057 11798 1261 200 4500 7168
5040 1348.03 302 15160 339 0 8042 6277
5048 1370.73 271 12971 238 0 8772 4862
5040 1348.03 294 13585 252 0 8476 4998
5048 1370.73 421 10584 415 0 5872 4176
5040 1348.03 408 5859 383 0 6093 0
5048 1370.73 0 6451 0 0 6379 0
5040 1348.03 1346 15612 1200 130 11657 2964
5048 1370.73 1034 12080 695 325 5961 6276
5040 1348.03 586 8504 125 378 4624 3993
5048 1370.73 0 10378 0 0 5886 4422
5040 1348.03 505 5208 153 267 4679 0
5048 1370.73 146 5369 115 0 3380 1667
5040 1348.03 388 12280 431 0 2716 8950
5048 1370.73 69 11821 53 0 3740 8139
5040 1348.03 1138 21760 0 186 10137 11369
5048 1370.73 80 5954 65 0 6137 0
5040 1348.03 450 12758 191 279 4764 6760
5048 1370.73 670 17825 247 368 13144 4960
5040 1348.03 79 5368 91 0 3376 1786
5048 1370.73 135 16019 130 0 2206 13285
5040 1348.03 63 11523 71 0 10023 1566
5048 1370.73 869 11368 390 458 5993 5140
5040 1348.03 1047 9915 821 192 4884 4902
5048 1370.73 591 6550 548 0 4249 2055
5040 1348.03 144 9833 100 0 9578 0
5048 1370.73 100 11240 176 0 6451 4669
5040 1348.03 36 9160 11 0 9055 61
5048 1370.73 292 22741 41 194 9674 12724
5040 1348.03 258 4905 246 0 4456 0
5048 1370.73 289 17886 0 293 6336 11403
5040 1348.03 955 19130 785 175 4193 15022
5048 1370.73 718 3272 714 0 3169 0
5040 1348.03 875 9581 434 388 7876 1016
5048 1370.73 1027 26976 463 449 10118 16309
5040 1348.03 501 10490 530 0 4444 5067
5048 1370.73 174 15714 0 185 12237 3709
5040 1348.03 1222 19493 1048 125 10207 9366
5048 1370.73 366 2536 313 0 2120 0
5040 1348.03 332 6046 288 0 6235 0
5048 1370.73 497 17285 350 150 7249 10025
5040 1348.03 356 5918 319 0 4357 1153
5048 1370.73 34 5340 0 0 5145 0
