#station_id r_mc scin_hg_tot_sig wcd_hg_tot_sig scin_hg_em_sig scin_hg_mu_sig wcd_hg_em_sig wcd_hg_mu_sig
5040 982.363 2477 69995 2169 394 36093 33027
5048 967.689 3118 68210 1315 831 32568 34786
5048 967.689 3290 100110 1408 1284 63948 36190
5040 982.363 3553 63411 1994 668 50567 12872
5040 982.363 4018 97493 2942 946 57160 39197
5048 967.689 4405 132816 2935 1362 66633 65564
5040 982.363 2073 61499 1808 280 42192 18628
5048 967.689 5494 55151 3612 530 43236 11058
5040 982.363 2059 88888 1390 693 57271 32735
5048 967.689 2743 80515 1879 600 48419 30909
5040 982.363 2819 120142 1611 1052 59116 60723
5048 967.689 4242 76703 3043 1230 54833 21895
5040 982.363 3291 83407 2027 1302 42131 40545
5048 967.689 3192 103537 1950 866 52397 50372
5040 982.363 3537 78808 2086 1431 39781 38950
5048 967.689 4831 89974 1623 1348 53146 39206
5040 982.363 4380 81314 3196 1200 48651 32533
5048 967.689 2592 77683 2095 314 59410 18142
5040 982.363 2372 91990 1860 384 51211 41719
5048 967.689 2348 67353 997 1026 55575 12364
5040 982.363 5269 49470 4071 1132 34746 14467
5048 967.689 3165 71537 2527 456 40186 30908
5040 982.363 1294 77399 753 692 39568 36089
5048 967.689 5657 79151 2373 3562 42621 36143
5040 982.363 1935 92588 855 1099 60191 30554
5048 967.689 3914 83615 2698 955 39297 43247
5048 967.689 3452 80639 2080 879 51630 29862
5040 982.363 6254 86098 3641 550 47165 36915
5040 982.363 4312 106361 3532 746 74002 31361
5048 967.689 4067 102246 3895 0 82342 18462
5040 982.363 1938 47906 1537 384 37241 9915
5048 967.689 1983 52783 1366 491 45247 6642
5040 982.363 1963 76267 1885 0 59370 15835
5048 967.689 2186 67681 1452 681 38379 29110
5040 982.363 3666 89775 2113 1516 53570 35974
5048 967.689 1590 55661 1134 371 42021 13162
5040 982.363 1955 56552 1276 641 37248 18532
5048 967.689 1964 79312 1487 385 55602 23926
5040 982.363 2433 48234 2172 306 35457 11896
5048 967.689 2131 61004 1762 278 37678 21965
5040 982.363 2121 78634 1538 597 40097 36681
5048 967.689 3049 82440 2179 812 42708 38353
5040 982.363 2359 84947 1378 488 48879 34922
5048 967.689 2394 86410 1701 656 63652 21555
5040 982.363 2969 102780 2171 715 57847 44112
5048 967.689 3532 104475 2527 251 69270 32483
5040 982.363 1547 91576 1416 144 39977 51954
5048 967.689 1533 89472 1335 136 46118 40527
5040 982.363 3872 57031 1455 1469 27755 29224
5048 967.689 2611 53621 1104 1355 25874 27694
5048 967.689 2070 79768 1400 683 44166 33711
5040 982.363 2826 101141 1401 1371 44719 54751
5040 982.363 3169 82964 2136 679 44070 39342
5048 967.689 4510 87539 1626 757 46151 39867
5040 982.363 3454 84771 2144 1218 49132 35595
5048 967.689 3443 101509 2199 960 41376 58220
5040 982.363 3858 71855 2917 1171 46321 23570
5048 967.689 3432 81213 2443 768 52398 28484
5040 982.363 3529 84375 2663 780 57582 22744
5048 967.689 4861 83815 3298 1382 47400 34722
5040 982.363 2623 69643 2278 332 57563 12453
5048 967.689 2011 90120 1533 462 59740 29405
5040 982.363 2824 99143 2154 501 40742 60162
5048 967.689 3650 73745 2824 643 36728 34883
5040 982.363 3657 70405 2202 1319 37335 33075
5048 967.689 4386 89680 3105 1298 45049 43339
5040 982.363 2305 71778 1781 365 36270 35152
5048 967.689 2117 86540 1530 451 58282 27697
5040 982.363 1710 66121 1492 213 53151 12767
5048 967.689 2417 88476 1501 674 45904 42881
5040 982.363 2801 108861 1993 676 48591 58974
5048 967.689 3358 81333 2032 642 58464 22903
5040 982.363 3736 69960 2932 179 56701 12250
5048 967.689 4691 90931 3042 1035 41992 46403
5040 982.363 3153 68909 2664 406 39296 29474
5048 967.689 2422 106454 1682 701 49128 57192
5040 982.363 1940 60851 1572 248 34299 25795
5048 967.689 2438 66851 1481 970 30597 34207
5040 982.363 2455 68132 2059 442 50714 17854
5048 967.689 1808 75162 1543 245 40012 34802
5040 982.363 4777 92550 3015 1190 54630 37638
5048 967.689 3528 133795 2080 991 82062 51672
5040 982.363 3325 73888 2533 551 35549 37334
5048 967.689 3635 74593 2775 574 39672 33527
5040 982.363 4326 105092 3826 735 62448 42863
5048 967.689 3444 86444 2933 531 45468 39633
5040 982.363 2957 104948 1555 1406 59965 45228
5048 967.689 3258 96129 2528 479 50542 45057
5040 982.363 4911 99951 2810 1203 56806 42215
5048 967.689 3817 86687 2440 1364 42790 43448
5040 982.363 4352 90407 3683 584 63723 25874
5048 967.689 2900 79267 949 1980 50375 30405
5040 982.363 3167 88712 1980 995 56957 32267
5048 967.689 3153 87429 2568 156 62541 25420
5040 982.363 1576 65520 1098 428 27784 38847
5048 967.689 3440 126604 2016 1226 74498 52455
5040 982.363 3581 70877 3364 209 47984 23180
5048 967.689 6148 123260 3913 1305 64508 58724
5040 982.363 3241 90136 3144 109 65393 23960
5048 967.689 2990 57132 2180 805 45457 10728
5040 982.363 3327 102900 2439 841 55059 48450
5048 967.689 3151 120862 1222 1709 67460 51530
5040 982.363 1109 50413 889 190 42718 7774
5048 967.689 3636 124344 1790 1715 53850 68637
5040 982.363 2032 90396 1759 426 35813 54923
5048 967.689 3008 71636 2712 198 54411 17294
5040 982.363 3665 121919 1903 1040 49819 71603
5048 967.689 5661 82514 4271 729 50014 32452
5040 982.363 6573 94487 6018 635 38137 57044
5048 967.689 3684 70861 2294 437 53842 16168
5048 967.689 4102 94260 3215 720 59672 34315
5040 982.363 4829 93065 3981 872 52559 38961
5040 982.363 3160 81691 2413 744 55902 27066
5048 967.689 2949 65985 872 823 37837 28864
5040 982.363 3706 64437 2211 869 40028 24796
5048 967.689 6374 98132 3825 1800 51694 46550
5040 982.363 2830 83445 2256 655 57040 25406
5048 967.689 3241 82375 2130 713 47577 34458
5040 982.363 2532 73720 1723 688 39350 32479
5048 967.689 3282 87298 2502 769 45677 41980
5040 982.363 3092 100484 2090 950 45357 52267
5048 967.689 1719 58003 1552 216 34611 21780
5040 982.363 5639 109905 4114 932 61393 47280
5048 967.689 4665 100202 2329 1301 49484 52199
5040 982.363 5671 79999 4143 829 57116 23098
5048 967.689 3498 113654 3179 315 64848 47316
5040 982.363 3530 81724 2609 717 53724 28423
5048 967.689 3157 87127 2319 785 52041 36493
5040 982.363 3913 101273 1705 738 68839 32403
5048 967.689 2374 83959 1595 761 59234 24209
5040 982.363 1791 84684 764 969 53094 29956
5048 967.689 3244 68690 2155 980 56312 11249
5040 982.363 2991 64675 2935 0 44242 19072
5048 967.689 3736 72957 3039 291 46931 25237
5040 982.363 1679 78277 1397 363 47292 30440
5048 967.689 2778 66822 1852 607 49910 15728
5040 982.363 4015 66554 2844 232 49109 17407
5048 967.689 3334 101169 1902 1517 68460 30393
5040 982.363 2672 93751 1009 1138 56249 38311
5048 967.689 2916 65363 2560 350 47799 16339
5040 982.363 2673 102004 2178 399 63089 38761
5048 967.689 6799 83128 4161 2509 63857 19112
5040 982.363 2762 50760 2158 504 33177 18354
5048 967.689 2404 102146 1894 497 49248 52887
5040 982.363 4470 105069 3757 475 66397 37398
5048 967.689 4979 81764 4461 368 40659 41187
5040 982.363 2091 56483 1589 367 43924 10676
5048 967.689 2071 57120 1851 200 48066 9182
5040 982.363 2647 85189 1590 1020 48071 36307
5048 967.689 3941 99976 3558 312 54213 45426
5040 982.363 2888 85540 2294 571 54468 31904
5048 967.689 2552 96848 2037 425 55488 43332
5040 982.363 4477 85821 3480 1079 55848 31182
5048 967.689 4429 123915 2836 1399 64639 59236
5040 982.363 1427 72804 1331 151 43404 28858
5048 967.689 3220 128014 2342 977 69659 59655
5040 982.363 4743 116952 3556 1078 58676 58135
5048 967.689 3600 91311 3390 178 56626 33910
5040 982.363 2871 75229 2190 620 50195 24469
5048 967.689 5048 88875 3746 1101 53429 34532
5040 982.363 2507 83751 1527 887 31619 51045
5048 967.689 3572 64443 777 398 39572 25326
5040 982.363 3904 111604 1874 1918 51582 57573
5048 967.689 4013 78573 1943 806 60077 18111
5040 982.363 1855 105869 1524 270 68261 36738
5048 967.689 3005 101009 2125 873 48936 53083
5040 982.363 643 93617 598 0 46909 46691
5048 967.689 3752 94870 2363 1261 46280 47840
5040 982.363 4465 99915 2009 2466 46837 53739
5048 967.689 4473 88869 1842 2404 48780 39681
5040 982.363 2464 87587 2201 222 56428 30467
5048 967.689 2159 99443 1711 237 59949 37924
5040 982.363 3017 49043 2241 730 35520 11775
5048 967.689 2036 75326 1287 878 48489 26993
5040 982.363 2731 84231 1892 760 50837 32803
5048 967.689 4255 84029 2654 1475 43844 39122
5040 982.363 4984 99203 2699 1024 52213 46955
5048 967.689 2367 103742 2367 0 64863 38630
5040 982.363 2617 106859 1842 439 49470 55205
5048 967.689 2913 115787 1877 948 59748 58702
5040 982.363 3297 84469 2122 844 53741 31954
5048 967.689 3804 67361 3177 452 45419 21175
5040 982.363 2664 60169 2022 686 51403 9092
5048 967.689 2330 111777 1809 450 44307 65531
5040 982.363 2480 57888 1598 879 42622 15105
5048 967.689 1765 60088 1106 587 41353 18030
5040 982.363 1804 89708 828 861 40106 48297
5048 967.689 2390 59313 1909 375 42418 15168
5040 982.363 1546 76339 259 419 43751 30605
5048 967.689 2341 126729 1400 956 66150 61336
5040 982.363 5368 118339 3363 388 58128 60715
5048 967.689 3479 114955 2896 296 79428 36631
5040 982.363 2028 94983 1198 844 55088 37987
5048 967.689 1717 115660 1143 507 58263 57865
5040 982.363 3167 113077 2400 708 63640 48164
5048 967.689 4719 90580 2513 1247 37110 51174
5040 982.363 3953 100480 2017 1903 40896 56284
5048 967.689 4067 120649 3039 909 57084 63225
5040 982.363 4176 85473 3023 1013 36879 48403
5048 967.689 1925 76903 1006 842 51715 25324
5040 982.363 4158 127829 2628 1375 62770 63450
5048 967.689 1874 91082 1178 697 59368 33013
5040 982.363 3988 117132 1911 2055 62494 53701
5048 967.689 4269 81986 3175 426 56134 26485
5040 982.363 1534 99501 1294 144 55340 44495
5048 967.689 3426 109932 2373 748 44435 64236
5040 982.363 2644 78682 2002 498 50032 28171
5048 967.689 2449 76295 1832 0 51482 23254
5040 982.363 3184 49735 2310 925 25723 23147
5048 967.689 3370 76819 2889 469 55593 21712
5040 982.363 3816 81665 3171 677 49898 32987
5048 967.689 3414 104841 2704 535 74580 29884
5040 982.363 1386 82193 622 717 43718 36839
5048 967.689 3890 70115 3006 500 45012 25059
5040 982.363 2822 105833 2426 541 68993 36724
5048 967.689 3860 140281 2893 950 78298 62129
5040 982.363 2036 55977 2097 0 34939 19771
5048 967.689 1494 45656 1268 256 35048 10901
5040 982.363 2644 68102 2336 272 37550 29692
5048 967.689 2276 65727 2080 218 49238 15365
5040 982.363 1439 75613 1007 377 48413 27729
5048 967.689 2546 89780 1206 1440 38142 51717
5040 982.363 2451 70758 2089 345 47139 23050
5048 967.689 1968 75464 1771 154 43253 31903
5040 982.363 2451 97689 1649 704 43306 52045
5048 967.689 2589 122526 2163 265 50052 74160
5040 982.363 2736 89648 1739 693 45051 43395
5048 967.689 2635 95449 1381 549 60103 33337
5040 982.363 3229 60757 2603 609 37715 21531
5048 967.689 2856 86169 1884 213 45792 40469
5040 982.363 1784 101044 1096 628 51834 46360
5048 967.689 3765 107610 1261 1831 52887 53936
5040 982.363 2276 76665 1540 278 45163 31091
5048 967.689 4392 76618 3537 713 46391 28495
5040 982.363 6155 103685 3817 1411 50159 54403
5048 967.689 1999 100843 1671 411 54857 45994
5040 982.363 1773 56971 1482 304 36207 19838
5048 967.689 1285 60045 888 463 48519 10719
5040 982.363 2129 109077 1236 850 57045 52837
5048 967.689 2244 87434 2173 0 49882 36766
5040 982.363 8916 58113 3043 2459 30431 25995
5048 967.689 2871 74223 2054 663 49050 25379
5040 982.363 2579 74870 1767 620 47457 26805
5048 967.689 2059 68229 1637 368 48955 18378
5040 982.363 4377 92492 3450 1005 61206 29951
5048 967.689 2925 117382 1099 1667 49021 66779
5040 982.363 2031 65074 1508 379 33151 30650
5048 967.689 2606 58857 2330 352 37780 21331
5040 982.363 1537 82149 1030 521 43886 38917
5048 967.689 5892 68663 4274 1424 42796 24128
5040 982.363 2379 64702 1968 474 51875 12498
5048 967.689 1963 76599 1568 381 54103 21579
5040 982.363 2386 79765 1125 1196 46840 30605
5048 967.689 2222 91360 1679 589 48290 43135
5040 982.363 1157 63771 935 188 44055 19320
5048 967.689 4326 67843 2732 1512 36833 31205
5040 982.363 5718 116909 1619 1283 65069 51874
5048 967.689 3311 113080 2996 369 81826 30459
5040 982.363 4189 87114 3028 955 41979 42108
5048 967.689 1193 76245 841 343 43969 31464
5040 982.363 2426 112941 2291 168 70577 43105
5048 967.689 2190 94153 1625 416 45464 48505
5040 982.363 3703 80924 2951 634 39835 38209
5048 967.689 3950 73297 2525 397 34542 38178
5040 982.363 5307 106793 4344 714 52581 53972
5048 967.689 3087 127788 1358 453 64063 63178
5040 982.363 2952 77236 1306 1293 55857 20392
5048 967.689 1871 103082 1418 352 50542 51509
5040 982.363 2578 83304 1852 224 55477 27570
5048 967.689 4433 73202 3734 442 47052 23482
5040 982.363 3220 75439 2775 398 53358 21029
5048 967.689 2791 70215 2556 156 55929 11778
5040 982.363 2804 93214 2077 750 48608 43063
5048 967.689 814 66684 662 152 44709 21562
5040 982.363 5435 89631 2840 2663 52661 34232
5048 967.689 1307 67061 1145 217 58514 7782
5040 982.363 2828 76881 2508 258 44071 31237
5048 967.689 4624 116813 3858 739 75865 38783
5040 982.363 2642 62755 2329 376 51980 10263
5048 967.689 3015 74161 2701 264 52656 22247
5040 982.363 1949 75263 1523 0 58740 15081
5048 967.689 2616 68310 2367 256 40743 27091
5040 982.363 2767 103186 1876 740 61825 43092
5048 967.689 3067 89890 1693 1318 53120 36627
5040 982.363 3080 91258 1779 1190 49611 40864
5048 967.689 5826 89337 4704 1193 47812 40282
5040 982.363 3239 67927 3013 274 47723 19866
5048 967.689 4840 87843 3029 2026 48308 37896
5040 982.363 2337 105639 1641 491 52953 52612
5048 967.689 3578 92588 2910 602 57645 32570
5040 982.363 3576 86047 2522 380 52467 33104
5048 967.689 1956 95137 1220 649 57372 38131
5040 982.363 2035 84540 1049 801 39163 44650
5048 967.689 2929 88854 1055 1815 47225 40096
5040 982.363 2152 65288 1116 893 41032 23849
5048 967.689 4755 71638 1160 1104 44188 26627
5040 982.363 2140 100204 880 1223 50672 49809
5048 967.689 2135 99642 1787 271 61277 37162
5040 982.363 3865 86916 2482 1433 58167 24988
5048 967.689 2503 88020 1649 909 50956 36619
5040 982.363 3660 104295 2060 1573 52220 52147
5048 967.689 2866 102183 1232 1667 61903 39168
5040 982.363 2222 48569 2176 0 37086 11680
5048 967.689 2281 85635 1385 560 61488 24564
5040 982.363 5045 93565 1344 171 58501 35925
5048 967.689 4056 116554 2075 1668 44373 72147
5040 982.363 1315 91745 729 607 67664 23361
5048 967.689 2171 80110 1417 395 58611 22128
5040 982.363 2072 98530 1265 725 57942 40246
5048 967.689 5178 120136 2932 1971 46125 74710
5040 982.363 3153 92208 2893 186 56966 32209
5048 967.689 2532 101397 1083 1410 52087 49332
5040 982.363 1853 94513 1683 218 51232 42573
5048 967.689 1589 98399 1088 419 55027 42648
5040 982.363 4291 91433 3211 842 38534 51303
5048 967.689 3831 69210 3493 326 46486 23057
5040 982.363 1575 80236 1332 238 28159 51424
5048 967.689 1671 54754 1243 282 41646 12874
5040 982.363 1777 74843 1791 0 44043 31067
5048 967.689 2149 94246 1209 745 57121 35859
5040 982.363 1870 51646 1208 646 37441 14980
5048 967.689 1108 63638 828 209 44790 20381
5040 982.363 2786 68636 1728 991 43685 23832
5048 967.689 3787 103415 2043 915 44957 57586
5040 982.363 5417 111745 3613 517 63635 48130
5048 967.689 4393 102576 3365 625 62021 39511
5040 982.363 3205 50096 2431 513 37282 11712
5048 967.689 3575 76032 2048 1374 36997 40148
5040 982.363 4059 77499 3379 431 54459 21759
5048 967.689 5511 91886 4609 826 52731 38078
5040 982.363 6109 99270 4717 576 52020 46748
5048 967.689 3780 80153 2297 855 54956 24921
5040 982.363 4388 68632 2564 1174 50255 17474
5048 967.689 4467 82604 1355 1124 43723 37142
5040 982.363 1772 49150 1495 210 43540 5843
5048 967.689 3210 63953 806 185 41469 22220
5040 982.363 3099 74181 2680 244 55991 18421
5048 967.689 2460 118915 1122 980 66275 50094
5040 982.363 2577 107037 1454 495 52399 54237
5048 967.689 2784 79404 2432 164 48679 30797
5040 982.363 3837 89403 2887 902 53900 32981
5048 967.689 4296 106418 2904 446 66736 40325
5040 982.363 2779 79175 2430 199 50847 26689
5048 967.689 3469 103080 2038 1313 58583 43784
5040 982.363 2926 95131 1713 874 49516 47521
5048 967.689 2279 120793 1874 317 63569 57403
5040 982.363 3709 63309 2065 207 51002 13459
5048 967.689 1722 81126 1209 420 54094 25743
5040 982.363 5833 70371 2760 689 40373 29895
5048 967.689 4588 109548 3682 838 52693 55520
5040 982.363 2609 61054 1810 262 52844 8321
5048 967.689 3070 77338 2678 336 50924 26065
5040 982.363 3300 74019 2573 639 44528 27570
5048 967.689 1320 76380 968 416 40204 35456
5040 982.363 2057 65242 1402 597 35751 28444
5048 967.689 3281 50024 2752 441 30843 18744
5040 982.363 2736 75101 1830 269 37685 34980
5048 967.689 2867 89780 2672 269 45511 42867
5040 982.363 4094 95805 3089 1112 51170 44044
5048 967.689 3597 85093 1640 1929 56365 28918
5040 982.363 3141 85831 1682 888 58171 27136
5048 967.689 3576 78414 3304 180 44516 32517
5040 982.363 3859 88488 3304 541 54228 33738
5048 967.689 2170 42894 1452 659 35627 6026
5040 982.363 3926 66537 3461 183 55562 12062
5048 967.689 5100 112646 3464 1375 67881 43042
5040 982.363 1955 66268 1656 301 44340 22570
5048 967.689 3859 97189 3176 818 52094 44027
5040 982.363 1763 63486 1123 304 48699 15481
5048 967.689 3709 128091 2035 1664 56889 70098
5040 982.363 5477 104956 4144 1321 55389 48998
5048 967.689 5966 130568 3274 2125 53944 75603
5040 982.363 1620 74435 1515 0 52909 21056
5048 967.689 6220 68348 3465 305 57021 11368
5040 982.363 1626 62943 1372 109 51133 11355
5048 967.689 1457 71262 1166 255 51552 19401
5040 982.363 3033 99971 1905 1215 54247 45039
5048 967.689 3275 87156 3086 189 65223 22507
5040 982.363 1505 89786 1193 199 59566 28048
5048 967.689 3612 93392 1795 1308 55997 38052
5040 982.363 4533 95364 4024 264 63746 29300
5048 967.689 4027 130378 2695 1367 55590 75079
5040 982.363 3243 119099 2007 1304 60688 59052
5048 967.689 5415 125269 3411 1541 54700 69245
5040 982.363 3795 85199 1143 375 49990 34083
5048 967.689 3786 98291 1937 471 54066 43737
5040 982.363 1905 64203 1235 253 40900 24347
5048 967.689 2877 86288 1641 1144 52821 32217
5040 982.363 1967 71546 1939 0 40763 31438
5048 967.689 2824 58947 1336 1309 38914 18390
5040 982.363 2462 75123 1656 298 43047 31698
5048 967.689 2921 87573 1864 1162 52305 33459
5040 982.363 3134 67075 2463 804 50085 16734
5048 967.689 6195 96828 2055 458 50031 46898
5040 982.363 4402 86425 2841 1670 47951 37395
5048 967.689 3575 72626 2612 745 45510 25699
5040 982.363 1571 84436 1419 117 42492 40709
5048 967.689 3358 88081 2508 750 44871 42818
5048 967.689 2832 100426 2152 573 58235 41870
5040 982.363 2436 97341 1567 864 65103 33348
5040 982.363 1924 68055 1324 530 45339 22986
5048 967.689 3893 72590 3029 702 42507 27265
5040 982.363 1582 106429 1032 539 65435 40384
5048 967.689 3022 83695 2783 389 43357 38572
5040 982.363 3717 49850 2585 721 31355 17376
5048 967.689 2439 79094 1801 567 45115 32648
5040 982.363 1673 93804 1298 406 41070 53329
5048 967.689 3071 101928 2207 853 42911 56550
5040 982.363 3034 92154 2800 217 63437 31363
5048 967.689 3740 112233 3464 252 66057 46112
5040 982.363 1907 74205 1342 441 42740 30060
5048 967.689 3804 73928 2667 1073 41003 34153
5040 982.363 5450 85063 2340 859 43148 38838
5048 967.689 2094 101071 1448 578 65434 35273
5040 982.363 3042 85371 2974 0 56152 28955
5048 967.689 8748 69702 7271 1216 46995 21829
5040 982.363 3227 71995 2315 901 42618 27512
5048 967.689 2845 94842 2515 208 57629 36390
5040 982.363 2694 115007 1567 809 60732 54345
5048 967.689 2229 129633 1799 367 74318 54969
5040 982.363 1898 101492 1785 160 57734 43320
5048 967.689 2221 80883 1512 541 51460 29013
5040 982.363 3040 82837 1713 1212 50523 33328
5048 967.689 3331 102943 2473 775 70181 34063
5040 982.363 2819 102178 1402 1394 53252 49759
5048 967.689 3647 79317 3395 262 53455 25901
5040 982.363 2875 98130 2088 845 63782 35244
5048 967.689 2259 109490 863 526 66526 42646
5040 982.363 2359 81375 2197 123 45256 35701
5048 967.689 2506 85411 1981 636 47006 39561
5040 982.363 5266 105654 3985 1207 42094 62553
5048 967.689 4242 79241 4254 0 50384 28994
5040 982.363 2552 74718 1682 870 38790 34171
5048 967.689 5153 122567 3832 466 66835 52522
5040 982.363 1275 55723 744 612 34170 19927
5048 967.689 2424 72812 1559 876 35738 36047
5040 982.363 2057 85862 1097 915 54383 30288
5048 967.689 2692 96429 1670 914 49890 47537
5040 982.363 3633 65887 2940 710 43642 21370
5048 967.689 2696 80668 2045 305 50949 31357
5040 982.363 3154 76124 1563 321 53366 20584
5048 967.689 2988 103660 2615 384 64433 37677
5040 982.363 1463 57475 1275 227 44518 12312
5048 967.689 4429 65337 4199 218 48597 16225
5040 982.363 3176 104304 1821 1267 59625 42914
5048 967.689 4812 79782 1992 553 49897 30777
5040 982.363 2098 81992 1368 782 42142 37478
5048 967.689 2885 84993 2963 0 49803 33537
5040 982.363 5998 87330 3479 217 42875 44022
5048 967.689 3353 84315 2106 1134 38879 45902
5040 982.363 3672 99571 2633 969 48010 52445
5048 967.689 2777 68295 2055 549 40836 27473
5040 982.363 4619 100205 2289 557 64043 34198
5048 967.689 3881 84327 2930 765 57488 26236
5040 982.363 1624 74656 1608 0 45251 29283
5048 967.689 4060 109724 1866 1258 59103 50532
5040 982.363 4895 80149 4244 579 51513 29199
5048 967.689 2885 84028 1926 946 51558 32604
5040 982.363 5048 93248 1992 1171 53692 38047
5048 967.689 4129 87850 3017 1082 45187 42863
5040 982.363 2543 98384 2308 328 53028 42800
5048 967.689 3853 92197 2868 835 54732 37324
5040 982.363 3570 79875 2274 1097 32193 46525
5048 967.689 1814 48390 775 1019 34136 14778
5040 982.363 4695 87738 3751 876 46227 39546
5048 967.689 5466 85964 3153 565 52825 33225
5040 982.363 3587 91950 2007 1516 50061 42067
5048 967.689 2389 92864 1411 860 51010 42094
5040 982.363 4576 54564 1720 723 40466 15371
5048 967.689 2624 60210 1540 695 51808 8966
5040 982.363 2382 67706 1429 994 38962 26967
5048 967.689 3937 85856 1172 2442 50510 33095
5040 982.363 2817 98175 2331 627 47998 49058
5048 967.689 4246 58475 2955 1276 41508 15723
5040 982.363 4097 79582 3127 501 47065 30376
5048 967.689 1720 56274 1708 0 36893 17714
5040 982.363 5312 82925 2849 2421 45186 36656
5048 967.689 3755 104133 2797 1203 69297 33813
5040 982.363 2194 87517 1820 430 62411 24851
5048 967.689 3883 105568 3544 349 78225 25954
5040 982.363 2050 88807 1436 516 41089 46535
5048 967.689 1253 111987 579 726 67576 46879
5040 982.363 2767 96412 1735 965 52978 43336
5048 967.689 2643 105516 1783 929 65229 42107
5040 982.363 3655 51290 2847 693 35399 14331
5048 967.689 1343 59689 820 655 46571 13860
5040 982.363 3667 57494 2700 1008 38271 20052
5048 967.689 1487 93581 1043 408 45262 47548
5040 982.363 4043 90792 2078 979 73100 17375
5048 967.689 5605 124808 3412 1598 81559 43082
5040 982.363 3644 107218 993 2607 57004 49643
5048 967.689 3456 107853 1987 1253 84901 21194
5040 982.363 2646 101065 1797 810 50089 49624
5048 967.689 2312 94543 1506 251 60895 33129
5040 982.363 1453 80057 1100 310 47055 32909
5048 967.689 3833 120727 2989 875 65302 55500
5040 982.363 3296 103088 2534 770 51121 50115
5048 967.689 3768 123723 2169 1048 48753 74296
5040 982.363 3338 78978 1560 276 48231 31674
5048 967.689 2653 93134 2117 548 55607 35790
5040 982.363 4078 72218 3385 0 53834 18858
5048 967.689 4561 138178 3665 976 66553 70310
5040 982.363 3326 90464 1959 1299 58477 30898
5048 967.689 2877 87422 2171 880 56765 31300
5040 982.363 4326 76967 3545 690 36153 40252
5048 967.689 3053 99735 2318 808 55669 41971
5040 982.363 2292 42663 1165 1055 35430 6013
5048 967.689 2523 73435 2324 179 44768 30637
5040 982.363 2752 93861 2427 171 57604 36771
5048 967.689 2532 100885 1741 849 47073 53405
5040 982.363 4805 92374 4282 320 55948 34821
5048 967.689 2511 78324 1598 536 46837 29960
5040 982.363 4193 65380 2963 439 48400 16954
5048 967.689 2459 92925 1865 353 59019 30462
5040 982.363 2748 78360 2470 267 48576 29372
5048 967.689 4116 74138 2991 603 49177 24245
5040 982.363 2971 83344 2393 575 60144 22909
5048 967.689 2634 84767 878 659 48745 35738
5040 982.363 2345 98371 1412 876 56576 40475
5048 967.689 3541 96962 2457 809 56044 42892
5040 982.363 2578 85893 2583 0 39890 45247
5048 967.689 2301 70845 1441 715 40017 30268
5040 982.363 3690 99217 3144 410 68913 28496
5048 967.689 4937 92514 3155 181 64540 27751
5040 982.363 2665 107246 2034 573 52439 53470
5048 967.689 2865 103041 2268 659 47969 53012
5040 982.363 3403 67224 2655 542 41660 25559
5048 967.689 2023 56210 1959 0 42780 11490
5040 982.363 3840 74199 3310 165 51598 22560
5048 967.689 1970 83484 1372 665 55864 26920
5040 982.363 3906 118406 2299 1475 52555 66914
5048 967.689 5023 95678 4262 625 76598 18812
5040 982.363 2867 93055 2544 235 50857 41269
5048 967.689 4888 98940 3269 1335 54164 44941
5040 982.363 3047 106142 1188 743 58120 46932
5048 967.689 2016 61516 1395 561 41956 18872
5040 982.363 2122 102064 1224 916 38867 61254
5048 967.689 5274 97879 3691 1301 45234 50034
5040 982.363 3201 96076 1661 1503 42123 53152
5048 967.689 2264 79182 1994 262 56025 23181
5040 982.363 3030 65493 2406 574 45504 20714
5048 967.689 2421 66478 2052 277 40739 25069
5040 982.363 4303 102105 3256 1059 37928 63355
5048 967.689 2012 85214 1472 420 41761 44158
5040 982.363 4174 108698 3058 1059 68778 37437
5048 967.689 4573 101655 3810 588 54256 45377
5040 982.363 4381 95076 3893 514 53730 41072
5048 967.689 5510 98120 4466 874 49241 46878
5040 982.363 2603 96129 1833 743 48803 48170
5048 967.689 2641 95731 1709 995 48998 45160
5040 982.363 1349 72584 926 490 36388 35136
5048 967.689 1303 44537 1184 0 34140 9471
5040 982.363 2323 68716 2389 0 51269 17992
5048 967.689 3738 90815 1684 387 56946 33432
5040 982.363 3334 87698 2080 1234 61568 25011
5048 967.689 2360 86583 1572 653 40427 44373
5040 982.363 4220 84777 2555 902 41378 42693
5048 967.689 2677 85256 1635 887 53239 29307
5040 982.363 3057 103465 2124 902 52450 50778
5048 967.689 2845 93762 2324 418 54573 39792
5040 982.363 1741 60583 1572 146 45523 12731
5048 967.689 4488 64702 4151 549 45764 20057
5040 982.363 2477 90826 2317 154 51098 40577
5048 967.689 3459 75246 2678 696 40794 34625
5040 982.363 4887 75158 3903 883 38726 35670
5048 967.689 3264 99475 3086 278 69505 30132
5040 982.363 3185 74820 2464 704 47454 28082
5048 967.689 3402 73198 2032 1253 52005 19949
5040 982.363 2938 92924 2232 624 57963 35999
5048 967.689 3584 89394 1850 971 59932 28814
5040 982.363 2182 78641 1429 694 42975 36477
5048 967.689 2494 64355 2471 0 46371 15976
5040 982.363 1973 59795 1896 0 43967 14764
5048 967.689 5577 91136 4800 832 55924 36713
5040 982.363 4001 63578 3636 350 45079 17548
5048 967.689 4543 98556 3406 1055 52700 46403
5040 982.363 4123 96810 2918 1287 70538 25944
5048 967.689 1943 87994 1367 474 71419 15321
5040 982.363 3111 85554 2358 682 49720 34790
5048 967.689 2658 98139 1581 668 46405 52209
5040 982.363 3137 73182 1282 761 40575 32819
5048 967.689 4135 99513 3065 1225 53520 44459
5040 982.363 3364 85328 2193 1071 43742 42294
5048 967.689 2458 69018 1729 688 48334 21594
5040 982.363 787 79816 739 0 52538 25043
5048 967.689 1607 71318 1646 0 45547 24334
5040 982.363 1991 47831 1406 249 28026 18966
5048 967.689 3039 55841 2822 157 40871 15552
5040 982.363 2926 55592 2552 319 40328 14918
5048 967.689 3541 80661 2690 674 47376 32468
5040 982.363 2428 96199 987 624 48989 46024
5048 967.689 2467 64274 729 865 44696 18593
5040 982.363 2678 70216 925 1474 33519 36452
5048 967.689 3838 66618 2131 761 40238 25599
5040 982.363 2524 91733 1954 461 59413 35048
5048 967.689 3116 84854 1989 1050 44323 41694
5048 967.689 3376 111714 1954 1300 67288 43830
5040 982.363 2804 120379 2252 538 83253 36501
5040 982.363 2605 81823 1975 777 50305 32284
5048 967.689 4690 97797 4065 695 66740 30846
5040 982.363 3906 80032 2902 782 51550 28338
5048 967.689 2878 111623 2284 535 68287 43498
5040 982.363 2968 98886 2263 701 46149 52954
5048 967.689 4438 118255 3724 490 55430 62122
5040 982.363 2072 38388 1771 201 28061 9910
5048 967.689 2985 55503 2459 0 32757 23210
5040 982.363 1615 90845 1054 594 65600 23003
5048 967.689 1794 55845 809 318 29588 25767
5040 982.363 3430 115231 1848 876 66658 47844
5048 967.689 10436 62689 6138 0 50525 12311
5040 982.363 1556 72112 916 670 50905 20748
5048 967.689 2860 85299 1810 938 42749 40940
5040 982.363 3005 51342 2352 563 41987 8574
5048 967.689 2186 78349 1013 1197 37767 40064
5040 982.363 2708 70228 2071 416 43072 26614
5048 967.689 4017 111058 3448 556 53441 57344
5040 982.363 2736 81433 1759 826 56812 25231
5048 967.689 4419 116681 2764 1632 65709 51483
5040 982.363 1652 81423 1388 204 46244 35269
5048 967.689 3351 88215 1766 1519 36018 51846
5040 982.363 4627 99229 3239 1282 67460 33496
5048 967.689 1831 65620 1535 156 44987 22281
5040 982.363 1935 68618 1548 227 39166 27648
5048 967.689 2951 80300 2262 337 33849 46276
5040 982.363 3125 96278 2127 810 49722 47390
5048 967.689 2960 84595 1580 853 50752 33279
5040 982.363 3802 93948 1778 1817 50847 43648
5048 967.689 1904 70609 1191 312 54838 15407
5040 982.363 3268 98183 2144 1135 60000 37663
5048 967.689 3535 81936 2171 569 59373 21056
5040 982.363 4239 81844 3177 1044 49645 31216
5048 967.689 2388 72771 2295 194 54653 16537
5040 982.363 4531 99588 3068 955 56711 41428
5048 967.689 1921 83985 1501 412 59340 22706
5040 982.363 2787 69704 2701 254 34854 34809
5048 967.689 2776 78616 2332 439 40971 36787
5040 982.363 1339 53154 1351 0 46028 7872
5048 967.689 2215 54883 1800 425 34417 20558
5040 982.363 1780 70944 974 331 49261 21242
5048 967.689 3280 89012 2159 626 46682 40526
5040 982.363 2016 39477 1319 722 28990 9000
5048 967.689 3878 52713 2952 451 38874 14649
5040 982.363 3763 72635 2211 785 57450 15984
5048 967.689 3458 106229 2015 1415 54456 51535
5040 982.363 1496 58147 1397 54 36899 21398
5048 967.689 3012 80346 1910 970 45673 34390
5040 982.363 2306 102350 1114 730 49364 52774
5048 967.689 3865 115031 3076 723 68112 48038
5040 982.363 2910 63430 906 341 43387 19259
5048 967.689 932 77252 663 184 42157 32567
5040 982.363 2578 30069 2488 0 21796 6735
5048 967.689 1520 36253 1232 207 24937 10135
5040 982.363 2495 67434 2398 191 42973 24306
5048 967.689 3319 70965 2800 365 51496 20108
5040 982.363 1280 68124 721 519 46638 20898
5048 967.689 1477 63589 1295 168 42035 20832
5040 982.363 2967 69483 3012 0 41819 26158
5048 967.689 1660 66457 1190 422 33191 31387
5040 982.363 1890 76348 1446 369 48308 27442
5048 967.689 3290 74192 2364 171 58921 14119
5040 982.363 3327 84926 2177 1079 41049 41506
5048 967.689 5221 120417 2202 1831 44135 76749
5040 982.363 3683 86227 1964 1090 44515 41016
5048 967.689 2270 91191 2059 352 50837 39573
5040 982.363 2702 87960 2151 497 46141 39620
5048 967.689 1404 87721 693 544 43899 43673
5040 982.363 2517 80174 1573 753 38969 39763
5048 967.689 2448 69525 2276 173 37546 31794
5040 982.363 2457 69659 1946 407 40098 29094
5048 967.689 1928 44830 1777 121 30646 13974
5040 982.363 3333 99331 2245 246 52500 46347
5048 967.689 3028 110836 2344 511 67466 41252
