#station_id r_mc scin_hg_tot_sig wcd_hg_tot_sig scin_hg_em_sig scin_hg_mu_sig wcd_hg_em_sig wcd_hg_mu_sig
5048 811.029 7120 146925 5578 1459 79290 67167
5040 825.336 2800 173640 1480 1392 88820 83741
5048 811.029 7069 121533 5068 2024 82293 39409
5040 825.336 3223 107172 2913 545 83198 22628
5040 825.336 3848 127652 3544 135 78996 48012
5048 811.029 2330 103902 1474 947 66681 37718
5040 825.336 4353 117064 2732 1654 71565 45518
5048 811.029 2795 144233 1768 873 68340 76781
5040 825.336 4949 147526 3659 1304 82732 64654
5048 811.029 7426 180251 4853 2280 104663 74971
5040 825.336 5614 105602 4638 1040 67297 35407
5048 811.029 4106 128339 2489 1474 78132 51932
5040 825.336 4408 102846 3601 632 61555 41008
5048 811.029 3891 152522 3282 443 67789 83984
5040 825.336 5418 161165 4522 1054 74022 86430
5048 811.029 5794 120564 5136 670 82795 38530
5040 825.336 5306 142593 5067 241 80328 62495
5048 811.029 5100 114783 4523 607 67503 45429
5040 825.336 4629 99145 3856 616 55964 44944
5048 811.029 3358 134850 3468 0 87294 44670
5040 825.336 2638 125689 2283 417 79929 46470
5048 811.029 4491 101649 4091 262 64255 37051
5040 825.336 3273 135187 2603 621 56984 79212
5048 811.029 4056 103813 3535 638 55194 47589
5040 825.336 3826 133079 3857 0 81065 54337
5048 811.029 4654 126976 3243 1260 80619 45542
5040 825.336 5743 133493 4449 1159 94160 39787
5048 811.029 6800 134994 4108 860 74830 61549
5040 825.336 4339 174279 3091 1261 105769 67910
5048 811.029 3276 148017 3291 149 82948 66433
5040 825.336 4832 150839 3976 650 78474 71930
5048 811.029 4791 125215 3763 853 73659 50405
5040 825.336 3992 133292 2810 817 73559 59818
5048 811.029 6430 145946 4234 2004 63872 82868
5040 825.336 3855 143730 2715 998 83436 59637
5048 811.029 3330 131820 3127 181 74831 54929
5040 825.336 3810 130526 2742 974 59823 71468
5048 811.029 3089 151420 2125 1033 83182 64517
5040 825.336 4742 150089 3257 1419 87098 63909
5048 811.029 4107 138623 2916 1294 85420 50368
5040 825.336 4464 113434 2719 421 64181 47744
5048 811.029 3904 141485 2955 930 81171 59888
5040 825.336 4406 151997 2675 1823 60674 90462
5048 811.029 3851 121409 2531 1376 53114 67416
5040 825.336 3117 143180 2137 934 70576 71995
5048 811.029 4500 160337 3439 989 83005 77172
5040 825.336 5502 149748 4686 804 69466 78970
5048 811.029 4152 110938 3140 807 71263 38043
5040 825.336 3463 134219 1939 1492 91163 42248
5048 811.029 5253 155649 4823 472 89014 63428
5040 825.336 5012 130433 3366 1071 59003 68893
5048 811.029 5995 152398 4529 1340 74597 75320
5040 825.336 3857 113666 2683 1133 60009 52741
5048 811.029 5179 153338 3468 1783 74840 81124
5040 825.336 6486 129638 6202 343 65924 62994
5048 811.029 4214 143761 2960 1304 89468 53717
5040 825.336 4613 115572 3601 813 67059 49401
5048 811.029 3680 107969 2474 1172 71581 39634
5040 825.336 4638 130978 3335 927 70418 61637
5048 811.029 5310 157774 4358 1001 83835 73473
5040 825.336 5392 127860 4435 728 79857 47086
5048 811.029 7285 142541 4649 1217 71677 69703
5040 825.336 4958 143983 3270 1413 84143 58509
5048 811.029 5340 144456 3070 2206 76305 68816
5040 825.336 5380 131823 3686 1737 73328 56799
5048 811.029 4242 135742 3918 498 80516 55249
5040 825.336 4849 153185 3257 1492 73372 79109
5048 811.029 4100 106163 3792 285 53470 51367
5040 825.336 3802 123221 3450 233 60200 63584
5048 811.029 3695 94549 2621 883 60168 32916
5040 825.336 4876 132970 4691 294 94204 36189
5048 811.029 6284 137925 5942 234 79878 56328
5040 825.336 3517 173146 2896 471 89854 83692
5048 811.029 7062 168869 2414 2114 78481 87845
5040 825.336 2335 86198 2243 0 59769 25788
5048 811.029 6191 137470 4910 1211 66381 71866
5040 825.336 5353 115417 4636 330 90919 23099
5048 811.029 6149 169834 4747 1257 101639 68658
5040 825.336 3780 114268 3426 225 82277 28348
5048 811.029 3011 125645 2344 558 81659 45132
5040 825.336 3521 151544 2912 542 80340 69222
5048 811.029 6395 184093 4861 1473 110046 74925
5040 825.336 5629 145082 4263 1402 85121 58898
5048 811.029 4682 128676 3307 1018 69570 58485
5040 825.336 3932 152105 2696 727 101300 48262
5048 811.029 7609 171170 5456 1946 104590 64619
5048 811.029 3849 184440 3286 476 85073 100438
5040 825.336 7234 164267 3777 2337 70316 90566
5040 825.336 3434 94687 2864 711 73479 23372
5048 811.029 7244 126266 5196 1766 83301 41170
5040 825.336 3098 120303 2639 342 68250 50745
5048 811.029 8305 152980 6163 2227 82487 68207
5040 825.336 4122 147872 3165 941 80117 66823
5048 811.029 6380 179712 5581 713 87637 88594
5040 825.336 6084 130946 4954 1128 61528 68710
5048 811.029 4803 162576 3277 1322 80874 81224
5040 825.336 6825 186501 4980 1477 118008 68921
5048 811.029 6555 157038 4898 1589 80093 75906
5040 825.336 2913 156716 2518 375 76369 78803
5048 811.029 2487 129294 2088 397 75331 51754
5040 825.336 5281 162164 4167 1179 93432 67943
5048 811.029 4512 113094 3614 814 78697 35250
5040 825.336 4026 106365 2718 1402 65720 39738
5048 811.029 5179 130960 1968 948 69981 62070
5040 825.336 5765 95661 4209 1365 71322 24410
5048 811.029 4784 192296 2337 2380 96298 95876
5040 825.336 7696 174190 6516 1194 84101 89701
5048 811.029 3971 136270 3156 895 80526 55577
5040 825.336 5213 175836 4224 460 130004 48565
5048 811.029 7262 170288 5832 1534 123887 46909
5040 825.336 772 85074 499 270 54148 31608
5048 811.029 2928 117628 2635 257 64682 53194
5040 825.336 6663 96054 2954 1248 59648 36928
5048 811.029 6047 126131 4490 971 78437 46429
5040 825.336 9745 105138 5073 845 73916 31712
5048 811.029 3121 109268 2205 0 84653 24497
5040 825.336 2752 138737 2477 197 94938 45606
5048 811.029 4753 149327 2328 1788 69151 78061
5040 825.336 3280 103137 3236 0 88509 13810
5048 811.029 3927 117660 2928 735 64158 54075
5040 825.336 3830 117726 2834 1055 81582 32931
5048 811.029 5863 118296 3841 1813 64315 50511
5040 825.336 4147 160975 3574 471 78260 80516
5048 811.029 5341 113078 2701 1798 67340 46176
5040 825.336 3738 125774 3253 376 71126 54520
5048 811.029 5607 154724 5199 483 106743 45546
5040 825.336 4001 105296 3117 736 57723 46910
5048 811.029 5754 114287 4671 1218 73072 40662
5040 825.336 3526 122033 2982 471 74348 45479
5048 811.029 4700 173351 2884 1756 76937 97892
5040 825.336 5118 129952 3015 259 79930 50683
5048 811.029 3762 155367 2979 910 87434 66553
5040 825.336 4631 163890 2836 1686 79242 85296
5048 811.029 2843 196388 2128 760 97119 102137
5040 825.336 4545 128440 3415 1110 71316 54807
5048 811.029 5233 137033 4579 647 67858 68795
5040 825.336 5872 153052 3547 1373 88318 63738
5048 811.029 4877 109811 3332 1386 69847 39937
5040 825.336 3305 118565 2789 447 50201 68673
5048 811.029 3440 146717 2992 471 89168 57551
5040 825.336 5809 148939 4617 1360 58418 89982
5048 811.029 3159 158350 2282 943 71102 85045
5048 811.029 4726 147843 3535 1231 96840 51731
5040 825.336 4864 121752 3681 1229 65223 55139
5040 825.336 7158 137068 4703 2441 74543 62393
5048 811.029 4538 148834 3627 977 104967 45735
5040 825.336 3683 163500 2241 1454 90430 71732
5048 811.029 7728 171937 5281 2255 85754 81921
5040 825.336 5320 176549 3950 1273 100342 77074
5048 811.029 4744 160218 3282 1419 95776 64978
5040 825.336 4441 129657 4291 181 95605 32157
5048 811.029 4072 108845 3694 279 76910 31363
5040 825.336 3862 141629 3181 705 91299 52036
5048 811.029 5499 138115 4554 923 64948 72392
5040 825.336 2583 126194 1773 867 56843 70214
5048 811.029 3101 102795 2103 915 71263 29878
5040 825.336 4490 138677 2852 1517 78337 59910
5048 811.029 4595 125815 3329 1147 70658 55337
5040 825.336 3538 113623 2609 1044 73947 39784
5048 811.029 1866 102986 1502 271 54616 46714
5040 825.336 3462 124217 2603 743 60922 63752
5048 811.029 5067 134828 3498 1371 77148 57186
5040 825.336 5332 166828 3468 1728 82200 85156
5048 811.029 8172 137865 5610 2377 73678 64755
5040 825.336 4690 94557 2725 561 63856 32228
5048 811.029 4257 113354 3407 927 54260 60081
5040 825.336 5843 172820 4070 1599 101132 74031
5048 811.029 5055 146055 4815 0 109473 36069
5040 825.336 1957 112595 1560 411 59359 53000
5048 811.029 4428 116183 3667 742 74318 41359
5040 825.336 5028 142392 2864 2110 64711 77376
5048 811.029 3935 127349 3006 900 78365 48360
5040 825.336 6666 167151 4600 1756 70829 94862
5048 811.029 4043 98347 2435 1497 61814 36431
5040 825.336 8200 160031 5692 2404 100212 60808
5048 811.029 7598 164040 6349 1122 82228 80735
5040 825.336 4031 154862 3431 541 80462 72507
5048 811.029 4756 197328 2854 1684 99012 98230
5040 825.336 3504 119848 3191 187 70049 50054
5048 811.029 4585 118010 4009 711 55930 65412
5040 825.336 5003 137632 4938 0 86820 49206
5048 811.029 6842 136883 4342 1017 81119 53727
5048 811.029 9026 103316 1954 0 64069 39512
5040 825.336 4413 106524 3210 1226 65932 38406
5040 825.336 4558 155531 3742 757 87635 65158
5048 811.029 5671 133090 3982 1723 77843 53560
5040 825.336 4912 100141 3542 1203 60180 37763
5048 811.029 6048 148344 5123 1016 106131 41118
5040 825.336 3039 156430 2169 813 95588 62423
5048 811.029 4635 167967 2724 1935 99251 66993
5040 825.336 6103 173845 3728 2248 96090 77765
5048 811.029 5927 166510 4248 1772 107237 59364
5040 825.336 3346 122360 3062 306 77327 44579
5048 811.029 3972 116347 2491 1236 70871 45481
5040 825.336 5155 142180 3920 1097 71645 69296
5048 811.029 4261 168443 3006 1181 88457 77902
5040 825.336 3985 104034 3247 772 55061 48123
5048 811.029 3533 126043 2864 669 68604 57285
5040 825.336 5107 146130 1900 1349 75720 72351
5048 811.029 4058 140303 2515 1597 71835 68666
5040 825.336 2331 84450 1774 567 51813 32537
5048 811.029 4741 154517 3654 911 89908 64917
5040 825.336 4778 121709 4043 422 95376 27014
5048 811.029 5360 157105 3884 1341 67067 88383
5040 825.336 8569 161343 6753 1528 84791 76964
5048 811.029 6829 177344 4621 1896 83857 95173
5040 825.336 3965 148135 2677 1210 66318 80644
5048 811.029 7655 140741 6568 717 96592 45784
5040 825.336 7970 117769 6416 1475 62011 56443
5048 811.029 5882 134601 5118 581 85551 48457
5040 825.336 5223 187311 3325 1385 59277 127196
5048 811.029 4868 143953 2401 2585 63780 81873
5040 825.336 3437 114861 2895 290 74952 40463
5048 811.029 4499 124591 4166 407 65934 55624
5040 825.336 4547 135325 3173 846 81680 53390
5048 811.029 3729 146179 3334 489 90930 54688
5040 825.336 5918 153731 4184 1500 75537 77384
5048 811.029 2501 120124 2692 0 82106 36682
5040 825.336 5568 120340 4633 848 89779 29027
5048 811.029 3312 124125 2394 923 76285 47862
5040 825.336 2047 117193 1859 173 70924 45549
5048 811.029 3293 122442 2527 771 76708 43882
5040 825.336 6634 107948 5074 1520 76950 31314
5048 811.029 3586 129062 2705 848 87061 41120
#station_id r_mc scin_hg_tot_sig wcd_hg_tot_sig scin_hg_em_sig scin_hg_mu_sig wcd_hg_em_sig wcd_hg_mu_sig
5040 825.336 6751 119217 4122 2633 72488 46068
5048 811.029 4350 104909 3206 879 59994 45370
5040 825.336 4919 87706 4560 258 72333 14552
5048 811.029 6078 126129 5641 251 87168 38502
5040 825.336 3853 151041 2844 997 72487 78100
5048 811.029 6954 130064 6047 486 82901 45785
5040 825.336 8388 137455 6835 1551 68147 69865
5048 811.029 5847 169406 3785 1580 87613 84188
5040 825.336 4699 140845 3306 1230 95678 42468
5048 811.029 4873 171272 2837 1340 104925 66084
5040 825.336 2987 114474 2224 905 76147 37832
5048 811.029 4312 128774 3456 897 66668 63034
5040 825.336 3875 85038 2929 465 55696 28068
5048 811.029 3878 153838 2439 1370 70545 83126
5040 825.336 3951 147948 3352 524 79239 67160
5048 811.029 1804 126875 1638 203 73817 51686
5040 825.336 4165 128610 4047 0 90970 39784
5048 811.029 6677 146885 6061 725 82733 62379
5040 825.336 3068 98389 3204 0 71196 26258
5048 811.029 6113 139439 3907 1025 84282 57750
5040 825.336 4721 124860 4243 580 69762 53313
5048 811.029 6150 174008 4275 1438 85201 89098
5040 825.336 6230 157701 3990 868 79848 77893
5048 811.029 6724 147459 4194 1385 99917 46018
5040 825.336 6612 149067 4569 1460 95341 53638
5048 811.029 7084 146000 4442 2449 85536 60356
5040 825.336 4142 133874 3825 304 71105 61024
5048 811.029 3102 104468 3079 0 76251 28162
5040 825.336 6108 130253 4431 1451 74694 55302
5048 811.029 3955 146604 2858 1082 94838 52072
5040 825.336 5915 144822 5348 515 84162 59179
5048 811.029 3864 99146 2895 1044 68444 28435
5040 825.336 4374 127600 4080 141 84824 44909
5048 811.029 5218 140166 4488 739 84218 52404
5040 825.336 4020 122312 2465 839 62345 60979
5048 811.029 5259 86612 4746 529 73602 13668
5040 825.336 3029 109856 1675 1213 67241 42492
5048 811.029 7058 129711 5091 1834 70832 59105
5040 825.336 5728 116675 4941 180 74773 44459
5048 811.029 4445 110761 3302 970 58596 51601
5040 825.336 4776 164421 2921 1710 77123 88947
5048 811.029 4745 127310 3661 902 58827 67690
5040 825.336 4063 152448 3180 475 79865 70156
5048 811.029 4816 106257 4733 0 67451 39510
5040 825.336 2719 121309 1937 721 65806 55964
5048 811.029 4550 149260 2810 719 88760 60322
5040 825.336 3817 129573 2689 1072 72332 57918
5048 811.029 5716 159803 4795 1002 93869 68103
5040 825.336 3107 138128 2092 795 65722 72513
5048 811.029 4402 118842 3363 885 63370 55114
5040 825.336 5401 136997 4539 757 95845 40341
5048 811.029 7814 127088 5677 643 87538 39946
5040 825.336 6014 137879 4562 1159 55880 80324
5048 811.029 4134 141131 3356 647 90940 53137
5040 825.336 4147 131848 2613 670 78589 52020
5048 811.029 3957 131518 3387 438 85535 43367
5040 825.336 5789 169692 4541 1099 92330 75834
5048 811.029 6931 189637 4640 2389 115234 75903
5040 825.336 4384 156397 2574 1708 79531 75064
5048 811.029 4566 116225 4178 211 74966 39929
5040 825.336 5008 140707 2884 1988 81952 57682
5048 811.029 4640 149949 3512 1057 100380 49014
5040 825.336 6703 153487 3505 3039 67990 85413
5048 811.029 3301 119764 3124 62 78290 41546
5040 825.336 3741 163839 2875 938 83092 80164
5048 811.029 5790 139610 4262 1458 86175 52562
5040 825.336 6590 132392 3012 872 65560 64400
5048 811.029 4505 119746 3336 1067 55406 63828
5040 825.336 3681 109258 2991 771 84122 26462
5048 811.029 4964 127529 4398 562 86727 40963
5040 825.336 6737 122131 4288 1530 80771 37904
5048 811.029 7363 133890 6585 454 109260 28191
5040 825.336 4268 154957 2717 1475 75951 77612
5048 811.029 5698 136097 3661 1646 87181 48250
5040 825.336 4993 111650 3100 1719 64656 48705
5048 811.029 6387 108775 4859 1559 63026 45041
5040 825.336 3850 138912 3167 605 92498 44321
5048 811.029 3930 117924 3021 769 86451 29675
5040 825.336 4259 159489 3498 797 116164 41918
5048 811.029 5593 158387 4365 718 93984 64518
5040 825.336 4492 137938 4194 379 89101 46367
5048 811.029 6126 135808 5451 799 102131 31443
5040 825.336 3758 103607 3479 348 67891 34980
5048 811.029 4479 139511 3275 1239 86673 50208
5040 825.336 5693 139474 5155 447 92756 47343
5048 811.029 5000 118074 4345 677 81397 34625
5040 825.336 7112 149363 5717 1317 76828 72728
5048 811.029 5515 152936 4364 995 94136 59712
5040 825.336 4029 125313 3571 534 79187 45468
5048 811.029 5202 96456 4178 1007 61579 35624
5040 825.336 4419 107363 3627 223 61209 44484
5048 811.029 4456 143129 3090 1230 86928 55403
5040 825.336 3397 127779 2586 770 73083 58450
5048 811.029 3951 126384 2359 1433 73973 52097
5040 825.336 4079 141014 3151 873 80975 60343
5048 811.029 5814 137345 4565 1259 80249 56248
5040 825.336 4762 164276 3311 1105 98633 64581
5048 811.029 5279 155297 4070 1137 101659 51755
5040 825.336 3879 141510 2865 992 83823 58485
5048 811.029 5359 152872 2664 2005 68315 82416
5040 825.336 5386 155427 2376 1765 62955 94890
5048 811.029 4990 212556 2544 2446 103053 108791
5040 825.336 4333 119772 3000 1366 74520 44434
5048 811.029 5332 172150 3214 1765 76618 93475
5040 825.336 5284 172742 3037 2083 96831 72877
5048 811.029 5517 147473 4009 1318 70220 77142
5040 825.336 3243 121331 2486 710 72699 49382
5048 811.029 3359 112357 3287 0 70490 40564
5040 825.336 4066 122625 3736 366 75715 44280
5048 811.029 4264 110880 3593 704 72010 39060
5040 825.336 4091 145569 2594 1500 83512 62926
5048 811.029 5982 174917 4836 958 94056 80007
5040 825.336 3772 148094 3338 465 91089 54919
5048 811.029 5018 118445 4615 326 100409 17119
5040 825.336 3176 83360 2304 874 50784 31567
5048 811.029 3038 134955 2205 768 69763 63360
5040 825.336 6122 111375 5091 805 81270 30371
5048 811.029 4959 164721 3505 1378 86979 75924
5040 825.336 4253 136853 3812 484 73509 61783
5048 811.029 4968 143466 3759 1168 74534 66591
5040 825.336 5377 116178 5291 212 80530 33664
5048 811.029 6317 164287 4446 1420 76740 83544
5040 825.336 5657 125687 2574 2073 63946 60246
5048 811.029 4249 125885 3766 304 87555 38352
5040 825.336 6682 142217 4669 1884 71487 68639
5048 811.029 4802 122433 4121 598 82323 41964
5040 825.336 5024 156569 4221 411 105530 50887
5048 811.029 5492 213251 3727 1533 126132 89876
5040 825.336 3971 135531 3093 1057 56649 75721
5048 811.029 4070 142088 4100 0 98359 42733
5040 825.336 5587 161139 4542 1185 79075 81703
5048 811.029 6596 155138 2496 3866 98829 55751
5040 825.336 2018 140749 1545 556 82258 56763
5048 811.029 5521 185529 2691 2561 84579 101938
5040 825.336 6692 196671 5305 841 88091 109458
5048 811.029 4310 170506 1913 2388 81894 88426
5040 825.336 4438 120445 3137 908 93260 27434
5048 811.029 3881 133236 3060 869 66709 65445
5040 825.336 5060 111445 3018 2038 68556 41298
5048 811.029 3223 163612 2594 474 96415 64238
5040 825.336 3387 180022 1686 1680 70893 111180
5048 811.029 4728 131977 2756 1913 59626 71521
5040 825.336 6103 95920 5506 505 75230 21243
5048 811.029 5631 147065 5185 367 88229 57166
5040 825.336 5015 173357 2901 2101 81856 94218
5048 811.029 4174 172499 3908 279 102611 69794
5040 825.336 4658 109262 3777 836 72541 36189
5048 811.029 5240 131039 4497 850 88976 40007
5040 825.336 4102 135175 3249 657 78472 56999
5048 811.029 3278 127329 2213 1012 76043 48316
5040 825.336 3243 146401 3341 0 118830 28230
5048 811.029 7007 135957 5715 1134 80195 55008
5040 825.336 5644 124184 3654 1984 71349 54570
5048 811.029 6612 120750 6213 269 76045 46790
5040 825.336 5145 152902 3677 1553 69122 83835
5048 811.029 4578 160333 3644 1034 84244 74427
5040 825.336 4905 129504 3023 1696 64906 63151
5048 811.029 4558 149170 3452 996 80156 68215
5040 825.336 4722 134292 3374 1306 77023 57575
5048 811.029 6210 177901 5039 1266 108373 68481
5040 825.336 4339 123159 3309 986 87386 36190
5048 811.029 6907 129997 4968 1856 81597 46742
5040 825.336 2360 111530 1509 735 77050 33075
5048 811.029 3802 123371 2819 1016 73733 48323
5040 825.336 2512 140890 2493 185 62871 75755
5048 811.029 4743 122839 3242 1347 47456 74980
5040 825.336 5926 112998 4068 228 71137 39069
5048 811.029 3604 137973 2599 978 80975 58656
5040 825.336 4236 154751 3127 1015 85553 68442
5048 811.029 4824 162917 3772 1063 78877 82172
5040 825.336 5245 153070 4326 763 98029 52036
5048 811.029 6947 119681 5980 702 71074 47199
5040 825.336 3758 124749 2898 365 85427 39399
5048 811.029 5524 205744 3500 1936 96679 107705
5040 825.336 4606 146836 3506 1134 69475 76878
5048 811.029 3222 151851 2568 689 82352 70009
5040 825.336 7259 115362 6314 1070 69433 44492
5048 811.029 4402 157492 2845 1542 72723 85245
5040 825.336 3759 121344 3168 552 85383 35347
5048 811.029 5127 128226 5082 0 95692 31524
5040 825.336 9150 152347 7328 1525 94793 58490
5048 811.029 7927 170757 4659 1900 116244 53363
5040 825.336 7131 132878 5435 1511 79800 51924
5048 811.029 6285 153785 4336 1774 87516 62274
5040 825.336 4910 137118 3748 1100 85344 50704
5048 811.029 4004 149408 2348 1532 85838 63046
5040 825.336 6300 161249 4619 1319 86145 75730
5048 811.029 7633 177224 5028 2167 86702 91261
5040 825.336 6094 102565 4174 1824 68904 33609
5048 811.029 3959 145722 3472 572 109751 34212
5040 825.336 5283 181873 3127 1960 81842 99272
5048 811.029 4964 132036 4006 902 78504 51380
5040 825.336 4274 112962 3128 1156 73831 38188
5048 811.029 2736 118783 1075 1299 95605 21903
5040 825.336 2026 153145 1492 236 84869 69624
5048 811.029 5069 134067 3386 901 87396 46527
5040 825.336 5031 101985 4762 228 77174 23575
5048 811.029 5905 126274 4379 1220 77339 49513
5040 825.336 6270 185882 3952 2161 96095 90015
5048 811.029 5115 157844 4004 793 106480 49083
5040 825.336 3711 131723 3511 247 87669 47436
5048 811.029 3909 139257 3667 187 90521 48115
5040 825.336 4878 145743 3689 1144 79543 64773
5048 811.029 4714 131847 4183 566 61837 71301
5040 825.336 6110 113471 5769 383 72985 39674
5048 811.029 5154 116436 4124 952 83605 32631
5040 825.336 3703 112225 2665 919 54835 56246
5048 811.029 3722 122244 3012 737 75752 46551
5040 825.336 3732 115456 3571 108 75658 39671
5048 811.029 6127 155214 5095 990 90016 63361
5040 825.336 5948 176369 4297 1702 107092 67761
5048 811.029 4408 134908 3991 374 76370 57514
5040 825.336 3424 102478 2425 829 68713 33043
5048 811.029 4582 108121 2897 217 80603 27730
5040 825.336 4963 173633 3872 1014 101251 72580
5048 811.029 5847 141734 4017 1720 97941 42811
5040 825.336 7563 162952 4731 419 110490 51681
5048 811.029 4391 171189 4005 394 86932 83028
5040 825.336 6363 170143 4444 1039 95887 75786
5048 811.029 7470 177649 5874 1470 106183 71232
5040 825.336 5880 115127 4215 822 79226 35822
5048 811.029 7019 152041 5368 1792 75092 77926
5040 825.336 6032 127348 3624 2376 75285 50525
5048 811.029 2941 126668 2699 184 75654 51438
#station_id r_mc scin_hg_tot_sig wcd_hg_tot_sig scin_hg_em_sig scin_hg_mu_sig wcd_hg_em_sig wcd_hg_mu_sig
5040 825.336 5707 127597 4160 1094 87806 40816
5048 811.029 6572 136225 4426 1172 81272 54002
5040 825.336 5985 106844 4888 963 86115 21624
5048 811.029 5652 112061 5328 239 82323 28674
5040 825.336 6159 153709 3529 1009 64933 87327
5048 811.029 4949 143390 4082 808 71403 72107
5040 825.336 5218 163337 3383 1491 86682 75508
5048 811.029 3034 145939 2595 531 76641 68437
5040 825.336 6064 130349 5362 479 83221 45209
5048 811.029 5573 154439 4299 1258 99619 54485
5040 825.336 5048 105993 4427 563 77872 26771
5048 811.029 3203 125596 3082 194 88362 33878
5040 825.336 4572 117405 3858 831 87306 28321
5048 811.029 6080 147866 5532 705 98673 48152
5040 825.336 4277 163660 3512 652 84581 79705
5048 811.029 8356 172646 6563 1685 87665 85411
5040 825.336 3238 129389 2652 493 72020 59114
5048 811.029 5371 127318 4813 542 94061 32455
5040 825.336 5467 149815 3170 2169 106477 42529
5048 811.029 5533 197291 4895 587 114708 82117
5040 825.336 5732 104223 4934 644 64959 40409
5048 811.029 4646 115268 3740 904 82812 33126
5040 825.336 6040 117028 4839 995 78005 40475
5048 811.029 3510 115050 1770 1643 71087 46348
5040 825.336 5635 133208 2773 1894 66719 68292
5048 811.029 4481 144182 3692 594 67425 79123
5040 825.336 5311 125617 4915 341 90460 34794
5048 811.029 5821 165544 3245 1332 116148 48957
5040 825.336 3814 126360 3700 179 75826 50483
5048 811.029 5315 174595 3698 1627 59584 113890
5040 825.336 4447 126081 4144 205 81334 44373
5048 811.029 7358 146411 3704 1377 100058 44286
5040 825.336 1065 116349 607 489 61437 54447
5048 811.029 4358 126890 2574 920 64162 62404
5040 825.336 5967 145712 4630 1402 86891 59506
5048 811.029 6603 140423 5183 1295 97457 43272
5040 825.336 3643 156034 2385 1235 76585 80864
5048 811.029 5613 171967 3934 1704 83777 89057
5040 825.336 6128 148907 4079 1896 68685 77648
5048 811.029 2683 118233 2201 430 67547 46947
5040 825.336 3649 101849 3360 281 62689 37551
5048 811.029 4058 112012 3877 208 83945 26565
5040 825.336 3908 116889 3568 176 79138 37831
5048 811.029 5621 84145 4932 584 72318 10969
5040 825.336 5061 150372 2821 1490 96297 54638
5048 811.029 5858 146265 3902 1148 82773 65099
5040 825.336 3970 110288 2722 1210 63003 46636
5048 811.029 3529 111281 2894 492 65247 42951
5040 825.336 2985 98311 2241 588 69024 28656
5048 811.029 2217 97388 1763 463 73975 22488
5040 825.336 5285 101151 3354 1722 68801 31328
5048 811.029 5370 137624 4097 1073 88327 50514
5040 825.336 7240 150538 3635 2112 81970 66704
5048 811.029 4269 137983 3293 763 66433 71203
5040 825.336 3831 131511 3039 822 77388 54373
5048 811.029 6927 142887 6224 646 89704 54716
5040 825.336 5096 151204 2197 1830 79745 69419
5048 811.029 7377 116456 6428 877 86332 26407
5040 825.336 6287 158695 5553 670 82183 74929
5048 811.029 6665 122229 4469 515 106092 17720
5040 825.336 6329 149519 3847 2508 92490 58761
5048 811.029 3670 123454 2695 936 78048 46389
5040 825.336 8966 174995 6823 1768 86718 90781
5048 811.029 5569 166627 2524 491 96708 70724
5040 825.336 6007 152986 5470 588 76141 76034
5048 811.029 5693 151215 5507 305 78161 72295
5040 825.336 5657 71569 5134 214 59535 10604
5048 811.029 2890 126556 2304 691 65108 59978
5040 825.336 4107 124984 2050 1744 81112 42507
5048 811.029 4181 149179 2637 1416 69591 79961
5040 825.336 3418 129704 2190 1165 82967 43736
5048 811.029 6306 157710 5028 406 82052 74947
5040 825.336 5903 104030 5235 563 66129 37611
5048 811.029 3096 94029 2581 464 61225 31991
5040 825.336 5809 190562 4502 1229 98309 91210
5048 811.029 7942 171345 4602 1415 100871 68447
5040 825.336 4856 153505 4450 409 89957 66292
5048 811.029 4438 133169 3543 239 93450 39376
5040 825.336 3935 106100 3131 490 60938 46326
5048 811.029 2783 97823 2582 134 71159 27583
5040 825.336 4426 144718 3871 523 75424 67684
5048 811.029 3638 124349 2791 907 67457 58563
5040 825.336 3990 129539 1831 1981 51681 78620
5048 811.029 2682 156804 2069 532 87036 69953
5040 825.336 3565 105244 2765 768 72006 33182
5048 811.029 4037 143744 2812 1095 86468 56250
5040 825.336 4819 144559 3429 1303 65297 78988
5048 811.029 5165 115059 4001 1200 70599 44053
5040 825.336 4507 106700 3942 417 75011 29941
5048 811.029 3613 122639 2753 902 72622 50464
5040 825.336 5980 134505 5305 716 65719 68757
5048 811.029 4674 124656 3789 935 65226 57720
5040 825.336 4602 134302 3980 459 80000 54870
5048 811.029 5247 141533 4333 888 80322 62605
5040 825.336 3067 112106 2681 292 63888 47294
5048 811.029 5501 127388 4261 1131 70506 56901
5040 825.336 5891 105651 5575 285 69593 37296
5048 811.029 4510 97156 3461 1045 69453 27660
5040 825.336 5050 124055 5025 0 90178 32555
5048 811.029 3389 153964 2918 387 102136 52348
5040 825.336 4681 120850 3499 967 83071 34716
5048 811.029 5793 155066 4857 870 82990 73102
5040 825.336 4960 129418 4310 547 64359 66131
5048 811.029 5177 130215 3666 1390 81732 47054
5040 825.336 3994 111623 3015 1065 77150 34630
5048 811.029 5008 111723 4058 804 73012 39513
5040 825.336 5931 108968 4517 1317 71085 37506
5048 811.029 4632 132911 3914 616 75479 58180
5040 825.336 6209 151212 4628 1552 74665 76177
5048 811.029 5720 173625 3850 1718 106734 67645
5040 825.336 4803 154714 4138 516 98676 54929
5048 811.029 8607 174595 7107 1307 93125 80697
5040 825.336 5374 129731 3905 1171 67514 62357
5048 811.029 2968 119486 2151 737 70147 49757
5040 825.336 5918 138131 4076 1228 76402 63116
5048 811.029 3985 129718 3076 638 84648 44545
5040 825.336 3551 160946 2888 700 63554 97632
5048 811.029 2499 81900 1783 579 57403 24305
5040 825.336 4623 179632 3104 1541 78141 100086
5048 811.029 7590 132176 5886 1041 83541 48049
5040 825.336 3421 113246 2718 542 76557 36363
5048 811.029 4792 128972 3838 873 86747 39199
5040 825.336 3106 125436 1959 1033 68955 55372
5048 811.029 3581 108432 3021 500 67406 41506
5040 825.336 4873 134809 4036 772 88357 44506
5048 811.029 5153 139132 3632 1496 78823 61415
5040 825.336 4716 95333 4398 240 67560 27810
5048 811.029 3552 133432 2846 633 68743 64942
5040 825.336 6970 159302 4308 839 94600 64024
5048 811.029 4875 126382 3435 1375 67071 59063
5040 825.336 3640 96613 3686 0 59629 37709
5048 811.029 6368 156034 4605 1688 74189 79248
5040 825.336 8327 129024 6427 1684 80426 51151
5048 811.029 4801 131532 4378 374 81418 46960
5040 825.336 3876 125275 3276 729 80710 43412
5048 811.029 2730 130314 2174 562 93254 37884
5040 825.336 7116 114716 6261 445 80116 34311
5048 811.029 4486 123320 3802 498 77689 43418
5040 825.336 4107 134690 2671 1224 92989 40803
5048 811.029 3768 123837 3812 0 103123 20168
5040 825.336 3808 88878 2972 695 59220 29049
5048 811.029 5056 143771 3709 1359 85590 58971
5040 825.336 3341 109483 2469 824 57990 49866
5048 811.029 2556 134897 1728 761 78192 55707
5040 825.336 7489 156832 5846 1572 98173 58621
5048 811.029 5905 160196 4962 941 99688 58720
5040 825.336 2613 127080 2134 450 80890 46836
5048 811.029 6654 150177 5163 1630 92680 58101
5040 825.336 5786 183356 3483 1995 91380 90100
5048 811.029 6050 171414 5134 1073 95363 73708
5040 825.336 4412 153821 2783 1458 80066 73506
5048 811.029 2970 168479 2369 608 80175 86447
5040 825.336 5519 104709 5095 249 78112 27287
5048 811.029 4018 125000 3692 337 73383 50257
5040 825.336 4979 142256 4189 620 69167 72624
5048 811.029 5075 114455 4024 928 62879 51728
5040 825.336 3181 126528 2083 599 80939 46160
5048 811.029 3822 156961 1667 2117 86736 69757
5040 825.336 4166 176548 2062 1314 102045 72848
5048 811.029 6432 215313 4526 1723 104133 110496
5040 825.336 2022 122721 1188 852 84313 40784
5048 811.029 4254 126646 3952 252 73540 53821
5040 825.336 7187 190374 5722 1537 114381 74151
5048 811.029 3874 156724 3247 652 93900 61578
5040 825.336 4095 141020 2982 726 95444 45707
5048 811.029 4046 113371 3283 482 83805 29587
5040 825.336 6892 146273 3726 2984 99488 46798
5048 811.029 4049 173319 3826 166 96575 75931
5040 825.336 3597 124190 2653 984 75100 49692
5048 811.029 5140 167994 4089 998 79723 86086
5040 825.336 5141 105738 3764 1206 69188 37964
5048 811.029 5415 172386 3777 1454 88260 83129
5040 825.336 4635 178443 3623 187 91790 85256
5048 811.029 3475 123400 1755 1558 75979 47058
5040 825.336 4889 120317 4456 413 94910 26070
5048 811.029 5705 154168 4376 1214 106866 46664
5040 825.336 4091 130489 3496 378 73347 57508
5048 811.029 5630 137475 3798 1733 90183 46209
5040 825.336 5310 152119 3876 1296 99800 52400
5048 811.029 7486 151483 6823 577 107059 42539
5040 825.336 6842 148112 5228 1231 75317 68084
5048 811.029 4927 107737 3666 620 72670 33518
5040 825.336 4001 107944 3458 505 68932 36974
5048 811.029 3934 106534 2753 1061 55095 50459
5040 825.336 5405 169753 3724 1765 104931 59413
5048 811.029 4717 169402 3108 1128 91882 76930
5040 825.336 4955 101946 3659 1386 64082 38288
5048 811.029 3313 136588 2634 704 67280 66064
5040 825.336 7191 160616 4191 2645 80038 81590
5048 811.029 6334 119411 5123 871 61029 58814
5040 825.336 4301 138392 2674 1419 66531 71072
5048 811.029 5199 189612 3381 1655 74242 112895
5040 825.336 5268 166220 2587 2504 109312 55673
5048 811.029 2708 122339 2509 260 70191 50034
5040 825.336 4081 126805 2491 1503 62683 62247
5048 811.029 5034 144664 3525 1545 69864 72384
5040 825.336 5774 126632 4246 1424 62703 63518
5048 811.029 5571 163929 3387 2226 89195 77347
5040 825.336 5252 152345 4696 347 90064 60869
5048 811.029 5466 78132 4279 1019 64199 13277
5040 825.336 3554 110976 2832 521 62900 48139
5048 811.029 6539 112435 5059 1396 66233 44062
5040 825.336 5217 111700 3834 895 68373 43997
5048 811.029 5266 82642 3868 732 44134 38135
5040 825.336 4334 164885 2955 1470 76955 86738
5048 811.029 4019 121769 3574 230 72000 48216
5048 811.029 3324 130289 2227 1098 63235 67222
5040 825.336 5543 149429 4598 923 79411 70662
5040 825.336 4835 119298 2468 2309 66379 54032
5048 811.029 1587 126340 1184 413 64720 63431
5040 825.336 2031 90257 2062 0 59492 30563
5048 811.029 3782 104171 2549 1202 64465 38698
5040 825.336 4056 99038 2550 567 63838 34066
5048 811.029 6095 118081 3954 2116 57754 60963
5040 825.336 5596 159432 3797 1759 86285 71702
5048 811.029 4901 142343 4549 500 97486 43984
5040 825.336 4703 130769 4249 381 88384 41401
5048 811.029 5667 143174 4584 358 105240 38182
5040 825.336 4976 129715 4146 774 72110 56941
5048 811.029 4306 149089 3376 745 78601 67799
5040 825.336 4566 128282 2967 1311 68372 58548
5048 811.029 4982 93386 4341 451 65609 26140
5040 825.336 4457 130172 2495 1909 80923 50255
5048 811.029 4554 163714 3920 636 82421 80294
