#
5040 1079.18 934 38459 857 0 7547 31721
5048 1078.1 328 20189 113 231 9602 11107
5040 1079.18 389 39345 418 0 26570 12868
5048 1078.1 1075 59866 1052 0 18206 40760
5040 1079.18 1375 55086 492 838 19289 36167
5048 1078.1 1177 52993 613 597 10178 41468
5040 1079.18 1061 27188 680 354 12458 15348
5048 1078.1 1063 30454 376 607 19302 13796
5040 1079.18 179 38275 178 0 10708 26509
5048 1078.1 477 24933 33 449 12405 12705
5040 1079.18 1177 44017 291 881 12550 30688
5048 1078.1 1226 45666 1276 0 15903 30219
5040 1079.18 3668 65908 420 548 13629 52684
5048 1078.1 2118 40191 1662 377 13240 26751
5040 1079.18 755 34359 830 0 7750 26175
5048 1078.1 514 60915 434 0 14729 45310
5040 1079.18 808 41970 2 779 8489 31699
5048 1078.1 1292 57654 583 619 5661 52083
5040 1079.18 2696 53679 1489 1111 27884 24645
5048 1078.1 1979 54617 699 1186 21561 31609
5040 1079.18 2345 51700 1025 1279 12469 39640
5048 1078.1 552 47973 193 345 10216 36464
5040 1079.18 1274 44739 238 1085 11949 33541
5048 1078.1 565 28039 314 295 9477 18939
5040 1079.18 1916 41556 1929 0 18899 22476
5048 1078.1 1480 35011 393 1130 15277 20956
5040 1079.18 412 14339 102 291 5261 8653
5048 1078.1 147 5733 156 0 4963 437
5040 1079.18 3860 55557 1527 2302 11533 44578
5048 1078.1 1158 55402 725 517 18477 37165
5040 1079.18 506 21524 217 259 14067 8282
5048 1078.1 1015 27331 556 312 6777 21341
5040 1079.18 1519 38996 1420 0 11755 27768
5048 1078.1 1262 30368 1055 230 10780 19782
5040 1079.18 815 39060 574 193 28362 10972
5048 1078.1 1335 26748 1023 357 6965 19589
5040 1079.18 706 32979 44 634 11780 21746
5048 1078.1 379 43653 362 0 18661 25842
5040 1079.18 304 20481 360 0 13967 6625
5048 1078.1 981 77516 371 578 24072 51657
5040 1079.18 896 59255 281 610 21176 38282
5048 1078.1 3108 51430 472 2479 14364 39514
5040 1079.18 760 69501 525 290 10972 58057
5048 1078.1 592 48287 76 466 6272 42234
5040 1079.18 3269 63865 2277 913 17562 45264
5048 1078.1 441 33923 439 0 14268 19015
5040 1079.18 353 30478 60 321 11320 19107
5048 1078.1 634 70250 583 0 20272 50459
5040 1079.18 1611 59825 500 1112 12365 46989
5048 1078.1 1121 38499 0 1113 8684 29197
5040 1079.18 548 11972 540 0 5743 5843
5048 1078.1 0 55133 0 0 21271 33979
5040 1079.18 1177 52547 534 609 13664 38959
5048 1078.1 63 33523 100 0 14307 17454
5040 1079.18 4781 24100 18 501 10972 13347
5048 1078.1 1661 59332 1422 195 39929 18281
5040 1079.18 65 29840 66 0 12339 17289
5048 1078.1 1603 37357 749 480 19727 18692
5040 1079.18 3122 76947 1826 1302 10381 65531
5048 1078.1 742 40456 705 0 15130 25977
5040 1079.18 674 26342 0 591 6950 18067
5048 1078.1 0 19365 0 0 6562 12467
5040 1079.18 1913 105701 949 934 25992 77070
5048 1078.1 1188 52761 432 0 20245 31961
5040 1079.18 498 21103 509 0 12521 7459
5048 1078.1 146 41635 119 0 17441 25454
5040 1079.18 1064 44869 348 688 8523 36068
5048 1078.1 424 40609 49 322 11155 30214
5040 1079.18 903 49604 938 0 15294 33865
5048 1078.1 657 30044 398 279 15437 15486
5040 1079.18 2164 39677 205 2077 11684 28117
5048 1078.1 783 50027 147 667 22603 28980
5048 1078.1 1068 40718 675 363 10942 29695
5040 1079.18 615 19469 69 470 14453 5505
5040 1079.18 1181 44062 624 507 15410 28537
5048 1078.1 770 18343 0 298 10952 6909
5040 1079.18 959 42293 512 516 9585 31519
5048 1078.1 1627 73410 677 962 16151 59416
5040 1079.18 182 46354 186 0 18502 27658
5048 1078.1 582 49412 208 274 13342 35133
#
5040 1079.18 682 54686 295 421 13856 40491
5048 1078.1 2504 50260 2204 275 10580 40052
5040 1079.18 37 58609 17 0 12449 47196
5048 1078.1 718 36030 64 713 6272 30536
5040 1079.18 2659 67782 511 2020 22539 46649
5048 1078.1 761 27203 546 189 13323 13923
5040 1079.18 970 29164 234 730 8154 20467
5048 1078.1 318 36337 342 0 10554 25493
5040 1079.18 1212 31747 901 383 15920 16588
5048 1078.1 639 50625 72 550 16317 34005
5040 1079.18 2880 52993 1320 1523 15221 38911
5048 1078.1 241 52037 7 256 25298 27155
5040 1079.18 2219 34336 1071 1048 11648 23063
5048 1078.1 748 15655 444 280 8150 8570
5040 1079.18 914 40021 21 824 11095 28381
5048 1078.1 2632 50279 1357 1265 10685 39327
#
5040 1079.18 1341 67778 966 295 11152 55637
5048 1078.1 596 59749 57 429 23754 36076
5040 1079.18 640 15655 0 667 3714 11570
5048 1078.1 1340 11021 857 393 10928 0
5040 1079.18 4 20411 15 0 3743 15876
5048 1078.1 620 29347 490 0 5274 23338
5040 1079.18 744 48781 739 0 10506 38292
5048 1078.1 1306 67612 8 1282 7092 61190
5040 1079.18 218 30227 245 0 14917 14929
5048 1078.1 1481 25830 666 761 15859 10323
5040 1079.18 1417 41803 327 943 17903 24063
5048 1078.1 1709 54115 885 909 19061 35184
5040 1079.18 1921 47446 1980 0 15495 32004
5048 1078.1 724 45170 657 0 10027 36174
5040 1079.18 437 30680 444 0 15065 15369
5048 1078.1 678 32189 263 376 11732 21051
5040 1079.18 2277 36660 895 1444 11310 24418
5048 1078.1 896 34148 116 697 12314 21342
5040 1079.18 977 39366 833 229 9650 28779
5048 1078.1 112 26814 142 0 11875 14710
5040 1079.18 1015 33081 102 831 6734 25443
5048 1078.1 763 46319 218 525 14078 32341
5040 1079.18 1912 26484 1769 245 9027 17963
5048 1078.1 659 81570 289 298 21522 58312
5040 1079.18 6 27115 21 0 15885 10753
5048 1078.1 1987 53807 543 1421 7040 47959
5040 1079.18 1034 38995 225 876 25303 14237
5048 1078.1 623 28477 122 433 11584 16810
5040 1079.18 428 23700 474 0 16100 6887
5048 1078.1 2211 38587 1333 826 9318 28598
5040 1079.18 2782 44008 2172 580 12531 31258
5048 1078.1 4948 64341 128 4678 26642 37132
5040 1079.18 951 31840 783 236 10036 21613
5048 1078.1 1342 34620 798 546 15391 18874
5040 1079.18 1188 46300 559 568 9853 36059
5048 1078.1 1531 28581 972 467 12902 14661
5040 1079.18 1316 30281 333 1018 20044 9863
5048 1078.1 489 29303 539 0 9587 19226
5040 1079.18 1189 23695 1156 0 8830 15539
5048 1078.1 1153 46350 701 471 11086 35659
5040 1079.18 362 47895 368 0 14374 35102
5048 1078.1 94 47768 112 0 14405 34548
5040 1079.18 503 12680 540 0 9852 2763
5048 1078.1 1683 23543 1120 561 9898 14456
5040 1079.18 1954 47355 1744 0 15584 31427
5048 1078.1 280 24509 26 275 12916 10461
5040 1079.18 289 35035 261 0 6215 28132
5048 1078.1 411 44477 252 219 12145 31199
5040 1079.18 1328 25253 810 475 13364 11262
5048 1078.1 478 60355 212 288 21503 36267
5040 1079.18 1620 68256 574 992 21640 45062
5048 1078.1 2380 35802 1144 1157 18157 17821
5040 1079.18 1809 18065 1460 364 7885 9647
5048 1078.1 470 16937 167 278 8779 8375
5040 1079.18 1562 15952 130 1461 6188 9805
5048 1078.1 40 39036 0 0 6379 32605
5040 1079.18 193 30703 0 228 10080 19986
5048 1078.1 107 28253 67 0 8933 18130
5040 1079.18 1877 41418 1731 252 13371 28072
5048 1078.1 1067 24750 329 688 15151 8232
5040 1079.18 1688 42119 673 938 15190 25045
5048 1078.1 1112 23993 575 483 9446 14784
5040 1079.18 1464 51461 301 1179 16260 34775
5048 1078.1 752 43984 0 770 15002 29299
5040 1079.18 903 29821 780 0 15237 13800
5048 1078.1 60 36461 6 0 21443 14578
5040 1079.18 762 63492 5 703 20621 42420
5048 1078.1 2225 36859 985 1135 12797 22848
5040 1079.18 2034 36859 1597 455 17039 20015
5048 1078.1 1062 30183 483 520 11420 18417
5040 1079.18 607 41192 141 387 12652 28655
5048 1078.1 1343 47795 50 1245 11742 36300
5040 1079.18 610 39541 595 3 19634 19591
5048 1078.1 80 25460 33 0 11169 14417
5040 1079.18 1174 33333 744 458 11504 21971
5048 1078.1 1086 52839 881 201 15415 36456
5040 1079.18 768 41839 0 738 5115 37476
5048 1078.1 1344 37099 822 399 13688 23527
