#
5040 1079.18 1009 12805 947 0 8334 3932
5048 1078.1 130 42132 64 0 9896 31246
5040 1079.18 843 21550 677 240 7563 13942
5048 1078.1 128 27916 128 0 9545 17997
5040 1079.18 1488 21439 1465 0 8211 12787
5048 1078.1 1978 39447 905 1091 12269 26329
5040 1079.18 859 14610 774 0 12684 1313
5048 1078.1 720 33073 772 0 12193 20460
5040 1079.18 1765 67778 825 937 9965 57229
5048 1078.1 1449 42589 714 669 8461 32422
5040 1079.18 794 40929 0 837 11142 29427
5048 1078.1 711 34389 315 377 11021 22766
5040 1079.18 493 44473 539 0 16019 29677
5048 1078.1 333 20634 386 0 10534 10514
5040 1079.18 867 59689 265 618 25844 32429
5048 1078.1 656 45076 697 0 23884 21167
5040 1079.18 230 14108 190 0 6993 6716
5048 1078.1 1681 23974 1252 486 12552 11218
5040 1079.18 247 26700 226 0 17600 8728
5048 1078.1 1484 41786 857 533 6042 36139
5040 1079.18 689 33324 393 208 10545 21827
5048 1078.1 1386 45776 670 630 5850 40599
5040 1079.18 0 20215 0 0 2240 17345
5048 1078.1 422 23864 380 0 6692 16854
5040 1079.18 1057 43514 0 1021 4185 39840
5048 1078.1 914 34047 298 623 11379 22298
5040 1079.18 863 38583 790 0 17449 22095
5048 1078.1 1131 24284 515 583 14258 9293
5040 1079.18 797 65181 386 420 8717 56661
5048 1078.1 992 32282 645 381 13874 18621
5040 1079.18 4310 24510 886 211 11186 12639
5048 1078.1 649 13514 464 184 6940 6865
5040 1079.18 236 32539 21 168 10082 22053
5048 1078.1 1406 59838 988 453 5956 53586
5040 1079.18 178 21972 202 0 6618 16574
5048 1078.1 286 33547 288 0 6793 26950
5040 1079.18 10 29556 42 0 5072 24843
5048 1078.1 153 39094 141 0 7986 31079
5040 1079.18 404 29055 140 258 10390 18450
5048 1078.1 769 45378 169 584 19325 25850
5040 1079.18 494 47008 508 0 17297 28715
5048 1078.1 1618 49407 496 1086 16116 34098
5048 1078.1 1938 62541 906 1011 18042 43972
5040 1079.18 201 32241 160 0 16873 15581
5040 1079.18 238 55011 212 0 12234 42160
5048 1078.1 658 46360 258 324 13434 33187
5040 1079.18 1350 34208 181 1126 4699 29202
5048 1078.1 259 13216 3 301 7559 5116
5040 1079.18 1695 47600 1720 0 20652 25769
5048 1078.1 2238 36179 1117 1105 16203 19554
5040 1079.18 751 45647 74 606 9206 33991
5048 1078.1 341 55898 91 244 6788 49070
5040 1079.18 985 51464 352 598 5724 46625
5048 1078.1 296 42261 0 277 9742 31765
5040 1079.18 1779 41530 46 251 14502 27471
5048 1078.1 665 38739 365 399 23833 12060
5040 1079.18 1154 35617 624 547 9824 25669
5048 1078.1 1179 34516 868 262 8414 25510
5040 1079.18 746 54982 576 178 23326 31231
5048 1078.1 310 17534 318 0 6035 10705
5040 1079.18 92 22862 44 0 15456 7112
5048 1078.1 1098 30208 496 551 9385 21319
5040 1079.18 1772 20590 1003 730 6635 14064
5048 1078.1 263 16522 167 0 6737 9686
5040 1079.18 252 30935 248 0 6242 24615
5048 1078.1 354 46072 280 0 11434 33959
5040 1079.18 444 29831 132 298 18235 11094
5048 1078.1 405 30115 26 294 6096 23970
5040 1079.18 738 45128 287 452 13353 30970
5048 1078.1 1042 29550 496 0 16516 13374
5040 1079.18 915 15345 519 404 8620 6682
5048 1078.1 1550 37304 978 510 13392 23555
5040 1079.18 1072 59029 809 237 18536 40380
5048 1078.1 314 37769 321 0 14803 23659
5040 1079.18 410 22439 358 0 18159 4188
5048 1078.1 508 15919 541 0 10615 5103
5040 1079.18 1157 83043 593 564 13624 66817
5048 1078.1 1215 36329 410 828 10044 27459
5040 1079.18 213 47683 0 212 6186 41841
5048 1078.1 589 16508 574 0 3647 12925
#
5048 1078.1 1769 32216 1079 0 16161 16491
5040 1079.18 436 42780 379 0 13502 29095
5040 1079.18 874 47974 102 756 9050 37442
5048 1078.1 189 39254 11 234 7182 32587
5040 1079.18 1224 45590 497 782 9968 35112
5048 1078.1 261 23227 266 0 14166 10340
5040 1079.18 1312 22758 363 971 4908 16530
5048 1078.1 1739 33193 1445 232 5062 28792
5040 1079.18 90 24389 103 0 8266 15695
5048 1078.1 1086 53554 632 496 9892 44068
5040 1079.18 595 5612 6 588 3371 1953
5048 1078.1 26 21670 45 0 5151 17251
5040 1079.18 2356 33627 2406 0 27137 7760
5048 1078.1 2425 58812 1883 515 19077 40947
5040 1079.18 536 16215 487 0 8454 7864
5048 1078.1 254 31508 8 218 3949 26799
#
5040 1079.18 2330 66696 1219 1117 8686 59146
5048 1078.1 685 28137 698 0 12677 15629
5040 1079.18 1383 28227 282 1110 14887 13788
5048 1078.1 758 42444 0 680 12014 28977
5040 1079.18 293 24326 285 0 12608 11614
5048 1078.1 248 35360 0 206 11024 22650
5040 1079.18 1492 35355 1392 0 22027 13568
5048 1078.1 560 35878 313 205 11997 24190
5040 1079.18 293 34787 0 253 6872 28175
5048 1078.1 1124 29978 997 223 5529 23690
5040 1079.18 3376 29834 295 396 19002 10810
5048 1078.1 1669 43649 1634 0 12912 31366
5040 1079.18 785 30869 398 404 11999 19080
5048 1078.1 5 42673 0 0 9648 32747
5040 1079.18 718 15141 706 0 5899 8974
5048 1078.1 383 11668 335 0 11778 0
5040 1079.18 199 13962 185 0 8960 5193
5048 1078.1 332 33343 22 268 12806 20190
5040 1079.18 57 15774 7 0 8926 7272
5048 1078.1 400 82265 181 185 32377 47725
5040 1079.18 820 24843 355 540 6094 18680
5048 1078.1 91 27007 127 0 5972 19435
5040 1079.18 971 25914 26 891 7163 17766
5048 1078.1 80 16749 115 0 9313 7942
5040 1079.18 569 31791 272 411 9790 21563
5048 1078.1 1287 35666 1175 214 8103 27445
5040 1079.18 0 48756 0 0 24277 23830
5048 1078.1 1103 33736 512 695 9699 23371
5040 1079.18 873 45553 483 456 11201 33814
5048 1078.1 977 51262 353 580 11125 39801
5040 1079.18 931 50045 369 574 11215 39827
5048 1078.1 526 60508 324 183 31037 30047
5040 1079.18 606 31038 575 0 11550 18572
5048 1078.1 971 27943 778 214 17664 9806
5040 1079.18 1248 47184 425 798 24544 22866
5048 1078.1 388 44059 391 0 20430 22351
5040 1079.18 717 23406 408 238 4831 18997
5048 1078.1 590 28850 155 351 12049 16005
5040 1079.18 799 63284 376 277 16702 46550
5048 1078.1 1049 16383 758 276 12592 3414
5040 1079.18 1047 36617 358 620 6949 29164
5048 1078.1 313 37664 272 0 6219 32291
5040 1079.18 802 43031 834 0 11263 32127
5048 1078.1 557 30481 0 614 11178 20419
5040 1079.18 0 19122 0 0 11296 7262
5048 1078.1 1080 34526 782 258 7144 25956
5040 1079.18 1308 27085 888 431 11083 16353
5048 1078.1 656 52468 0 599 14567 39004
5040 1079.18 753 44082 203 527 11614 31484
5048 1078.1 835 25838 0 804 11288 14817
5040 1079.18 493 40188 0 523 12694 28186
5048 1078.1 0 18025 0 0 6359 12199
5040 1079.18 581 38406 117 451 14372 23103
5048 1078.1 3024 44277 1046 1965 14965 28381
5040 1079.18 1420 40910 334 1041 9088 31634
5048 1078.1 705 35008 357 392 9655 25594
5040 1079.18 2036 50746 2018 0 12153 37683
5048 1078.1 1049 41097 934 171 22475 18555
5040 1079.18 1261 72996 515 604 13285 59330
5048 1078.1 1482 33535 440 959 12669 20077
5040 1079.18 740 35838 204 477 14499 20783
5048 1078.1 401 18666 23 393 11598 6205
5040 1079.18 23 22703 30 0 9693 12629
5048 1078.1 489 24233 488 0 8891 15232
5040 1079.18 384 31907 21 301 4877 26339
5048 1078.1 115 46970 112 0 15662 31192
5040 1079.18 300 26255 309 0 14988 10950
5048 1078.1 3454 51773 873 2526 20665 30438
5040 1079.18 445 36578 441 0 7324 28765
5048 1078.1 972 49487 59 915 6604 43447
5040 1079.18 411 22456 433 0 5849 15804
5048 1078.1 773 46827 114 694 7522 38170
5040 1079.18 227 27118 211 0 11065 16824
5048 1078.1 1479 37396 614 284 11773 25921
5040 1079.18 1211 60447 815 522 15367 43676
5048 1078.1 775 38125 480 292 6596 30300
5040 1079.18 423 34739 0 363 8303 27561
5048 1078.1 235 24484 273 0 7532 16880
5040 1079.18 424 54114 21 331 16916 37195
5048 1078.1 0 13936 0 0 10537 3058
