#station_id r_mc scin_hg_tot_sig wcd_hg_tot_sig scin_hg_em_sig scin_hg_mu_sig wcd_hg_em_sig wcd_hg_mu_sig
5040 1426.8 935 20163 577 277 9593 10883
5048 1396.15 875 38268 343 523 18000 19775
5040 1426.8 509 13362 369 163 9710 3383
5048 1396.15 641 18824 239 354 8538 10766
5040 1426.8 916 23952 484 389 9745 13489
5048 1396.15 801 19539 648 159 13901 4897
5040 1426.8 1090 28001 871 139 18668 9157
5048 1396.15 969 28990 825 118 13005 15381
5040 1426.8 49 14847 66 0 14998 0
5048 1396.15 1209 33301 313 838 21006 12518
5040 1426.8 436 11632 260 265 6431 4774
5048 1396.15 302 14483 289 0 14475 0
5040 1426.8 490 22350 130 391 8213 13487
5048 1396.15 1085 37732 798 181 23982 14523
5040 1426.8 625 34657 311 242 24978 8617
5048 1396.15 1615 44313 932 685 20532 23797
5040 1426.8 1757 25577 720 312 14271 11457
5048 1396.15 1045 24728 886 135 23445 958
5040 1426.8 753 19430 560 207 10132 9557
5048 1396.15 1115 25564 790 238 10231 14803
5040 1426.8 1036 25737 1049 0 16988 8003
5048 1396.15 872 28466 611 188 11945 15767
5040 1426.8 559 30840 76 529 20106 11045
5048 1396.15 911 21363 878 0 18141 2380
5040 1426.8 902 31639 889 0 21700 9120
5048 1396.15 931 36807 591 322 13372 21470
5040 1426.8 372 27656 349 0 8199 18325
5048 1396.15 1056 16793 25 0 7877 8779
5040 1426.8 531 17698 304 242 16596 1459
5048 1396.15 3687 21732 360 475 10579 10924
5040 1426.8 2306 30093 1927 436 12977 18127
5048 1396.15 800 25458 731 159 16898 8540
5040 1426.8 847 21124 693 183 14555 5538
5048 1396.15 446 17490 369 0 15612 1888
5040 1426.8 679 33172 198 426 11321 21050
5048 1396.15 501 20034 350 183 11170 8541
5040 1426.8 1294 29308 705 626 18836 9824
5048 1396.15 609 17274 595 0 12205 4657
5040 1426.8 242 20116 181 0 8923 11042
5048 1396.15 606 26543 592 0 18129 8763
5040 1426.8 316 12554 386 0 12522 0
5048 1396.15 542 25498 385 168 9512 14865
5040 1426.8 -12 15995 4 0 10496 5638
5048 1396.15 1010 24705 665 351 11768 12316
5040 1426.8 1336 22437 1158 118 11952 10894
5048 1396.15 1198 33390 789 388 21860 10385
5040 1426.8 1165 18855 1303 0 13397 5186
5048 1396.15 622 15883 472 153 15152 0
5040 1426.8 434 27816 351 135 10709 16102
5048 1396.15 1143 12357 807 302 7458 5171
5040 1426.8 1099 26092 1100 0 17443 8478
5048 1396.15 816 37614 497 0 21450 16361
5040 1426.8 596 26642 60 510 13414 13703
5048 1396.15 763 26739 581 175 8025 18590
5040 1426.8 1180 15139 784 321 11448 3144
5048 1396.15 481 21358 429 0 10702 10206
5040 1426.8 464 17354 322 173 14937 2478
5048 1396.15 617 22126 487 105 12987 8602
5040 1426.8 1246 27993 760 457 10381 17008
5048 1396.15 576 16026 415 0 15150 374
5040 1426.8 202 14683 207 0 8997 4546
5048 1396.15 347 15684 394 0 13847 1710
5040 1426.8 294 20001 244 0 16069 3592
5048 1396.15 886 25287 551 379 10067 14746
5040 1426.8 747 14981 589 125 10358 4953
5048 1396.15 -4 23759 24 0 18698 4424
5040 1426.8 270 16315 235 0 13398 2578
5048 1396.15 972 18849 6 182 14630 4457
5040 1426.8 765 15126 675 0 15626 0
5048 1396.15 1121 24736 747 436 9487 14286
5040 1426.8 372 23119 18 295 10896 11467
5048 1396.15 179 26163 31 103 16522 10272
5040 1426.8 874 19311 547 302 10064 8669
5048 1396.15 697 24116 390 226 6954 16343
5040 1426.8 1350 27462 1084 148 24315 3196
5048 1396.15 543 18972 401 165 13197 5467
5040 1426.8 879 31662 603 159 15837 14782
5048 1396.15 61 16439 52 0 15209 1198
5040 1426.8 862 15195 956 0 12124 3781
5048 1396.15 321 28880 172 211 11056 17091
5040 1426.8 2615 27715 777 566 18670 9033
5048 1396.15 1160 16568 875 237 10568 5016
5040 1426.8 1209 20907 644 0 11060 9494
5048 1396.15 1608 22856 1603 0 14040 8659
5040 1426.8 1772 31176 1036 626 14317 15656
5048 1396.15 281 18140 246 0 12075 4919
5040 1426.8 1312 24443 386 820 12881 12118
5048 1396.15 504 31684 457 0 16368 13712
5040 1426.8 762 32082 231 482 24582 7345
5048 1396.15 648 19849 245 344 17992 2050
5040 1426.8 1007 16132 359 0 8055 8462
5048 1396.15 1569 38590 1112 430 13674 24053
5040 1426.8 553 22246 316 208 18143 4020
5048 1396.15 961 35747 336 0 24472 11447
5040 1426.8 560 32455 513 0 16950 14102
5048 1396.15 669 26160 634 0 17338 9304
5040 1426.8 913 29686 147 704 12483 16947
5048 1396.15 500 19719 146 327 11841 7699
5040 1426.8 1614 17027 1255 326 9233 7130
5048 1396.15 1035 23378 487 464 17050 6664
5040 1426.8 1485 37793 694 792 12443 24175
5048 1396.15 825 18676 789 0 10934 7303
5040 1426.8 1267 28206 794 416 9236 17998
5048 1396.15 1758 29667 699 668 17037 13264
5040 1426.8 1168 12557 1268 0 12025 1361
5048 1396.15 1595 33510 348 560 16160 16366
5040 1426.8 566 30525 142 423 11124 19498
5048 1396.15 483 27027 272 119 10036 17080
5040 1426.8 308 11226 281 0 9329 1690
5048 1396.15 692 23969 352 287 15360 7784
5040 1426.8 749 15166 444 215 9501 5624
5048 1396.15 466 8393 421 0 8630 0
5040 1426.8 1262 21636 748 409 10338 11816
5048 1396.15 617 15986 676 0 15209 620
5040 1426.8 456 17353 467 0 16689 688
5048 1396.15 1274 25536 1072 195 11156 12619
5040 1426.8 167 11196 134 0 11380 0
5048 1396.15 1627 45780 202 1001 14835 30589
5040 1426.8 652 8946 663 0 8242 0
5048 1396.15 434 30184 279 66 13628 17677
5040 1426.8 856 28302 571 250 10289 19026
5048 1396.15 777 47651 338 439 12401 34591
5040 1426.8 898 24762 402 393 9116 15702
5048 1396.15 416 42765 99 364 19995 22499
5040 1426.8 880 12602 551 276 10000 2366
5048 1396.15 620 25766 203 433 7348 17914
5040 1426.8 1781 34520 1235 534 17459 16848
5048 1396.15 499 26289 462 0 25190 0
5040 1426.8 1499 29443 232 315 14565 15198
5048 1396.15 844 25144 671 118 13863 10434
5040 1426.8 417 16109 0 435 8598 7574
5048 1396.15 57 9695 29 0 9621 0
5040 1426.8 507 25675 62 410 11209 14148
5048 1396.15 1916 33000 1495 465 16381 16082
5040 1426.8 915 18514 446 379 8203 10392
5048 1396.15 1669 22134 958 684 14206 6948
5040 1426.8 1409 32764 874 507 10582 21510
5048 1396.15 1138 22937 1155 0 12506 9147
5040 1426.8 1237 28199 510 656 8777 18844
5048 1396.15 341 16796 46 346 6886 8783
5040 1426.8 959 30911 594 393 9176 21095
5048 1396.15 1473 28377 593 231 10661 17413
5040 1426.8 1135 17609 1193 0 17923 179
5048 1396.15 1034 38146 198 875 11576 27352
5040 1426.8 442 26243 284 164 12752 13308
5048 1396.15 731 45736 568 161 17260 27046
5040 1426.8 28 23419 27 0 10267 12685
5048 1396.15 1177 22638 133 221 12751 9474
5040 1426.8 492 14224 424 0 9986 4342
5048 1396.15 340 23305 326 0 13153 10623
5040 1426.8 1656 19526 668 679 8023 10379
5048 1396.15 2250 28584 704 543 10972 17638
5040 1426.8 1237 20504 997 300 15056 4868
5048 1396.15 660 44363 425 159 15638 28575
5040 1426.8 1105 21383 701 418 9807 11284
5048 1396.15 1012 34462 392 554 10052 23915
5040 1426.8 321 17154 234 0 5449 11430
5048 1396.15 1942 35870 1020 696 12245 22411
5040 1426.8 620 9547 642 0 9930 537
5048 1396.15 1958 33743 1307 612 15148 18437
5040 1426.8 846 14689 884 0 11414 3417
5048 1396.15 1069 25130 465 578 14007 11264
5040 1426.8 1210 20530 754 417 11130 10349
5048 1396.15 821 41316 541 337 30985 9387
5040 1426.8 323 15563 287 0 10400 3354
5048 1396.15 254 18624 256 0 14835 4143
5040 1426.8 500 26069 412 0 26267 45
5048 1396.15 139 28136 159 0 21249 6286
5040 1426.8 389 10598 166 218 8136 2614
5048 1396.15 1078 31362 578 584 14813 16142
5040 1426.8 949 20348 525 439 14219 6856
5048 1396.15 869 26483 564 251 16792 10218
5040 1426.8 301 22103 273 0 12424 9484
5048 1396.15 1710 28854 939 0 22691 5753
5040 1426.8 560 30129 552 0 21292 8204
5048 1396.15 1115 40761 960 136 32685 8980
5040 1426.8 506 15976 329 185 12023 3841
5048 1396.15 616 21634 662 0 11906 10057
5040 1426.8 426 16336 438 0 11758 4303
5048 1396.15 405 24719 479 0 23819 0
5040 1426.8 3298 23634 1160 325 14493 8773
5048 1396.15 479 28919 529 0 19165 10020
5040 1426.8 2462 13382 2342 0 11706 1524
5048 1396.15 779 28355 539 0 18764 8877
5040 1426.8 742 22573 838 0 13548 9268
5048 1396.15 1138 28633 869 273 18825 9248
5040 1426.8 2221 17073 1321 479 11788 4486
5048 1396.15 601 42098 240 377 20435 20974
5040 1426.8 620 17426 617 0 9803 6562
5048 1396.15 61 14302 20 0 12186 1520
5040 1426.8 654 22713 275 0 11946 10735
5048 1396.15 709 53244 481 212 26517 26590
5040 1426.8 878 13513 723 128 10243 2614
5048 1396.15 497 23155 151 286 11570 10630
5040 1426.8 521 18251 56 400 14885 2770
5048 1396.15 3522 25152 670 0 16686 8569
5040 1426.8 418 18945 61 298 8265 10599
5048 1396.15 1169 30851 225 0 25274 5516
5040 1426.8 1241 37041 665 510 12647 24017
5048 1396.15 1082 27196 746 239 14028 13428
5040 1426.8 578 24092 622 0 15627 8437
5048 1396.15 368 24981 211 148 8892 16075
5040 1426.8 1210 30010 807 410 8866 21134
5048 1396.15 46 22897 76 0 16238 7081
5040 1426.8 1066 32411 775 385 14699 17573
5048 1396.15 1379 24338 1331 0 22201 1813
5040 1426.8 2051 37173 1337 726 11626 25331
5048 1396.15 1974 34334 938 914 12629 21506
5040 1426.8 764 25411 576 121 14660 9746
5048 1396.15 1308 17446 1131 227 9509 7977
5040 1426.8 565 19336 403 121 11165 7539
5048 1396.15 489 31545 307 185 13646 17926
5040 1426.8 1721 24620 1252 460 19180 4556
5048 1396.15 1466 32464 1019 430 15803 16340
5040 1426.8 171 7546 127 0 7093 0
5048 1396.15 183 7489 146 0 7853 0
5040 1426.8 654 19179 749 0 10973 8407
5048 1396.15 717 28199 525 218 12146 14754
5040 1426.8 474 24691 461 0 20674 4200
5048 1396.15 1159 33235 945 204 25176 7943
5040 1426.8 780 24564 307 396 14247 10391
5048 1396.15 1729 35028 1263 376 18835 15476
5040 1426.8 371 17629 331 0 17850 0
5048 1396.15 407 13239 401 0 8689 3971
#station_id r_mc scin_hg_tot_sig wcd_hg_tot_sig scin_hg_em_sig scin_hg_mu_sig wcd_hg_em_sig wcd_hg_mu_sig
5040 1426.8 266 9777 251 0 9229 0
5048 1396.15 1499 28720 290 1110 8017 19954
5040 1426.8 1988 28109 832 0 13711 12992
5048 1396.15 449 21673 389 0 11268 10015
5048 1396.15 768 28418 316 453 8189 19719
5040 1426.8 -6 11706 11 0 10834 631
5040 1426.8 1235 21921 596 160 16218 5608
5048 1396.15 712 36601 486 200 13154 22174
5040 1426.8 635 13776 233 0 7551 6300
5048 1396.15 486 26827 30 416 8767 17854
5040 1426.8 506 22343 302 239 12392 10001
5048 1396.15 568 11508 577 0 11783 0
5040 1426.8 2209 14649 1881 315 9224 5643
5048 1396.15 625 14848 598 0 14814 0
5040 1426.8 1099 21608 953 158 9355 11380
5048 1396.15 370 37610 191 160 21284 15601
5040 1426.8 1805 29947 919 419 11645 18142
5048 1396.15 140 18464 103 0 18196 0
5040 1426.8 339 23332 292 0 16474 6705
5048 1396.15 162 23291 120 0 21349 2713
5040 1426.8 358 21843 322 0 21768 0
5048 1396.15 1516 27690 728 675 16032 10753
5040 1426.8 575 21275 603 0 15775 5804
5048 1396.15 461 22663 229 192 14168 8680
5040 1426.8 678 12303 60 249 5932 6753
5048 1396.15 228 10822 190 0 10654 0
5048 1396.15 650 39342 465 176 23066 16831
5040 1426.8 511 33352 267 193 13671 19608
5040 1426.8 1043 16407 749 163 6499 9652
5048 1396.15 1085 35468 335 797 10190 25065
5040 1426.8 896 18987 917 0 12924 5059
5048 1396.15 853 12187 646 208 7893 3765
5040 1426.8 774 17778 554 211 13036 4712
5048 1396.15 590 10926 542 130 10024 565
5040 1426.8 540 23852 159 386 9921 13179
5048 1396.15 1214 48906 571 578 15019 32465
5040 1426.8 925 38680 886 0 23494 16005
5048 1396.15 642 29879 373 203 10625 19842
5040 1426.8 254 17227 255 0 10217 6545
5048 1396.15 424 30015 365 0 11795 17528
5040 1426.8 500 23453 4 569 13711 8997
5048 1396.15 1584 51472 819 681 23066 27133
5040 1426.8 3015 25882 1663 233 12310 13144
5048 1396.15 1681 15503 1507 187 8807 5917
5040 1426.8 383 20271 399 0 14989 4944
5048 1396.15 457 12923 412 0 12376 0
5040 1426.8 1017 26902 814 169 13407 12946
5048 1396.15 60 22243 19 0 14773 6659
5040 1426.8 1190 21068 552 576 11522 8526
5048 1396.15 1930 14892 201 185 8839 6123
5040 1426.8 788 25226 476 191 18372 6841
5048 1396.15 895 19878 719 209 14047 6385
5040 1426.8 649 17205 487 174 8688 8359
5048 1396.15 426 29897 384 0 13385 15377
5040 1426.8 766 21572 593 164 11001 10584
5048 1396.15 1083 28715 833 183 13993 14196
5040 1426.8 719 30006 479 40 9058 20501
5048 1396.15 904 25745 591 231 15519 9158
5040 1426.8 3080 36143 884 0 25755 11042
5048 1396.15 2082 27122 582 182 18555 7881
5040 1426.8 1153 26716 466 693 11686 14837
5048 1396.15 1502 21708 1473 0 14625 6502
5040 1426.8 1150 21378 760 0 17376 3221
5048 1396.15 1152 27613 822 293 11000 17329
5040 1426.8 947 17681 496 379 8686 8650
5048 1396.15 658 41118 410 291 13961 28065
5040 1426.8 1728 34585 903 757 14442 19708
5048 1396.15 1482 25436 1096 271 15441 8953
5040 1426.8 317 12904 174 134 5562 6646
5048 1396.15 1459 37798 1000 317 18489 19520
5040 1426.8 323 12490 236 0 12405 0
5048 1396.15 290 14844 183 137 4775 9196
5040 1426.8 2585 25912 1297 0 24301 1373
5048 1396.15 1467 48013 1073 393 21973 25489
5040 1426.8 26 26801 10 0 17314 10088
5048 1396.15 388 12709 390 0 11117 1899
5040 1426.8 1042 26523 616 413 14460 11725
5048 1396.15 277 17431 258 0 13227 4332
5040 1426.8 400 26269 260 97 12744 13014
5048 1396.15 1166 13345 844 0 9724 3721
5040 1426.8 831 15709 380 427 7059 7348
5048 1396.15 471 24720 268 213 15325 9176
5040 1426.8 279 22682 266 0 15741 5983
5048 1396.15 836 26455 668 126 12068 13451
5040 1426.8 449 27242 217 226 16938 9385
5048 1396.15 1971 37601 1573 392 15781 21451
5040 1426.8 311 18470 38 245 12593 4999
5048 1396.15 1726 40661 1252 390 22549 17558
5040 1426.8 828 27171 656 151 20259 6429
5048 1396.15 1126 23330 370 741 13479 8907
5040 1426.8 1266 30573 594 604 15900 13697
5048 1396.15 1175 39995 86 882 12582 26117
5040 1426.8 910 21782 802 150 14499 7329
5048 1396.15 610 24608 661 0 17000 7113
5040 1426.8 0 20686 0 0 12752 7722
5048 1396.15 1046 13104 959 0 9527 2922
5040 1426.8 379 27163 289 0 8554 18133
5048 1396.15 1488 32170 579 793 14792 17305
5040 1426.8 531 24873 45 408 14101 11452
5048 1396.15 1018 17281 789 203 10246 6181
5040 1426.8 308 11184 261 0 5865 5594
5048 1396.15 367 15096 364 0 11873 3405
5040 1426.8 269 11381 191 0 7377 4866
5048 1396.15 1675 39467 694 145 12631 26474
5040 1426.8 846 30272 726 105 17119 13051
5048 1396.15 230 22713 247 0 11078 11522
5040 1426.8 1203 50974 633 551 19350 32532
5048 1396.15 1718 35613 606 543 18814 16870
5040 1426.8 1372 32133 924 543 16814 14767
5048 1396.15 502 25037 71 394 13292 10568
5040 1426.8 614 28848 334 303 13667 14737
5048 1396.15 2323 19339 1773 426 11603 6942
5040 1426.8 1001 31097 821 196 16635 14023
5048 1396.15 496 12776 409 0 10790 1488
5040 1426.8 629 23727 455 140 13157 10118
5048 1396.15 908 38138 538 352 15132 20873
5040 1426.8 432 20891 200 221 10346 9861
5048 1396.15 515 15367 491 0 12608 2105
5040 1426.8 737 30761 435 132 17949 11448
5048 1396.15 1565 29053 1050 461 12435 16433
5040 1426.8 1489 22561 711 535 14513 7937
5048 1396.15 629 27034 221 403 10894 15946
5040 1426.8 468 12132 499 0 12398 0
5048 1396.15 14 18747 46 0 7440 10805
5040 1426.8 238 33462 224 0 11670 22199
5048 1396.15 867 39680 536 333 24682 13304
5040 1426.8 280 26214 227 0 17627 8168
5048 1396.15 1238 24913 1221 0 11169 12921
5040 1426.8 914 30231 632 271 18980 10990
5048 1396.15 392 20746 184 160 14657 6047
5040 1426.8 621 17718 170 194 9988 8031
5048 1396.15 476 15055 172 0 6400 8583
5040 1426.8 561 37396 309 198 22630 14873
5048 1396.15 218 26960 219 0 20537 6378
5040 1426.8 413 25013 339 0 18086 4849
5048 1396.15 152 24770 122 0 9730 14508
5040 1426.8 730 24735 481 238 14531 9994
5048 1396.15 456 24256 414 0 10001 14216
5040 1426.8 408 23828 138 199 13715 10245
5048 1396.15 674 28621 694 0 15827 12441
5040 1426.8 770 28872 60 709 11940 17368
5048 1396.15 1748 34470 973 665 18201 15911
5040 1426.8 1656 12846 1664 0 11951 129
5048 1396.15 792 15486 788 0 10580 5278
5040 1426.8 1031 28215 597 430 19636 8271
5048 1396.15 1369 20850 652 655 11679 9649
5040 1426.8 186 8908 178 0 9084 0
5048 1396.15 912 10615 845 0 5711 4868
5040 1426.8 793 29958 316 471 19025 10134
5048 1396.15 1178 19403 819 102 11409 8380
5040 1426.8 76 23308 0 99 15854 6160
5048 1396.15 1074 21198 644 372 14885 6119
5040 1426.8 294 14707 83 250 10310 4802
5048 1396.15 869 20690 653 203 8550 11825
5040 1426.8 599 29266 228 336 12170 16114
5048 1396.15 1483 42754 1082 359 16512 25981
5040 1426.8 1684 13893 1417 194 9791 4255
5048 1396.15 462 26615 381 0 9599 17512
5040 1426.8 636 25990 615 0 24334 840
5048 1396.15 1097 28880 33 938 15355 12436
5040 1426.8 333 16469 340 0 16900 0
5048 1396.15 1618 24867 389 344 13995 10606
5040 1426.8 2854 19953 562 241 14608 5066
5048 1396.15 973 33144 686 205 14633 17372
5040 1426.8 415 18788 410 0 13773 5098
5048 1396.15 692 10958 624 0 10715 0
5040 1426.8 1355 39961 694 501 19598 20718
5048 1396.15 1424 22255 566 859 13029 8956
5040 1426.8 512 15003 560 0 7958 6322
5048 1396.15 2231 15030 688 1521 8849 5815
5040 1426.8 380 29357 206 220 16093 14208
5048 1396.15 1453 32314 979 0 19434 12685
5040 1426.8 820 23066 431 340 17594 5631
5048 1396.15 878 18448 820 0 18543 0
5040 1426.8 1064 20317 695 238 6465 13092
5048 1396.15 968 23515 298 199 21885 1124
5040 1426.8 102 24331 136 0 17831 6180
5048 1396.15 1060 31102 677 392 21067 9317
5040 1426.8 1042 31124 859 158 13741 16168
5048 1396.15 1180 34054 1151 0 13508 21563
5040 1426.8 -10 25160 4 0 8102 17455
5048 1396.15 860 31328 462 350 11027 19464
5040 1426.8 1253 43406 724 481 25296 17183
5048 1396.15 902 19429 703 144 14313 4838
5040 1426.8 643 24141 342 193 11869 11729
5048 1396.15 936 40851 776 0 18432 22197
5040 1426.8 270 24791 295 0 16459 8403
5048 1396.15 1527 32779 977 572 17265 14661
5040 1426.8 200 19747 1 238 9690 10688
5048 1396.15 307 8089 315 0 6600 1416
5040 1426.8 318 41727 259 0 28081 12506
5048 1396.15 366 34927 80 210 15801 18282
5040 1426.8 1131 18488 473 510 7632 10695
5048 1396.15 983 20929 748 260 17210 3367
5040 1426.8 1309 26093 1360 0 10231 15439
5048 1396.15 500 34141 204 294 16934 18026
5040 1426.8 1658 22965 381 576 12731 9808
5048 1396.15 360 28479 124 221 11951 16166
5040 1426.8 546 18135 221 352 12765 4790
5048 1396.15 561 15618 559 0 14488 1104
5040 1426.8 1448 17888 1259 139 11506 5923
5048 1396.15 1929 46420 1181 755 27117 18190
5040 1426.8 657 33819 356 205 16446 16366
5048 1396.15 538 27798 437 134 21687 5968
5040 1426.8 780 16756 602 183 12306 3148
5048 1396.15 899 12647 859 0 12536 0
5040 1426.8 464 20818 444 0 12068 9262
5048 1396.15 2035 32335 439 1618 22362 9376
#station_id r_mc scin_hg_tot_sig wcd_hg_tot_sig scin_hg_em_sig scin_hg_mu_sig wcd_hg_em_sig wcd_hg_mu_sig
5040 1426.8 42 6151 63 0 6009 0
5048 1396.15 529 21256 462 0 21439 0
5040 1426.8 166 22220 168 0 10269 11627
5048 1396.15 986 27927 575 389 8952 19058
5040 1426.8 1437 22504 829 644 8488 14543
5048 1396.15 2353 51738 1200 909 15309 36039
5040 1426.8 908 40880 339 559 11763 29182
5048 1396.15 910 31721 306 604 13856 17620
5040 1426.8 2508 29301 1551 1028 20858 8341
5048 1396.15 2321 11557 659 0 11068 0
5040 1426.8 889 11440 891 0 11017 0
5048 1396.15 542 19490 508 0 20019 0
5040 1426.8 735 14199 682 0 10670 3519
5048 1396.15 1036 34782 763 293 22647 11874
5040 1426.8 1167 18172 1036 152 12933 4677
5048 1396.15 1019 29164 637 353 15046 13627
5040 1426.8 1225 21401 498 696 8798 12325
5048 1396.15 482 34143 475 0 16562 17035
5040 1426.8 779 22095 519 195 11587 9271
5048 1396.15 633 14335 612 0 15080 0
5040 1426.8 776 12766 838 0 9705 2331
5048 1396.15 529 19294 457 0 14227 4529
5040 1426.8 865 25383 585 266 19819 6290
5048 1396.15 238 26060 42 142 19006 6716
5040 1426.8 499 37435 134 352 21687 16324
5048 1396.15 352 27907 359 0 19903 7333
5040 1426.8 889 29134 662 238 15030 13413
5048 1396.15 2858 28181 2373 418 13940 15568
5040 1426.8 473 27917 1 489 9948 16880
5048 1396.15 682 17231 745 0 9783 7617
5040 1426.8 552 23330 389 165 8581 14055
5048 1396.15 767 21503 548 0 6401 14104
5040 1426.8 1633 17125 301 0 13045 3003
5048 1396.15 896 25704 993 0 22082 4872
5040 1426.8 691 11557 491 166 7693 4326
5048 1396.15 362 21331 367 0 7916 12588
5040 1426.8 209 11848 201 0 10814 332
5048 1396.15 604 17101 443 224 10359 6269
5040 1426.8 668 15061 64 265 11684 1804
5048 1396.15 827 20862 478 312 16555 4631
5040 1426.8 941 19453 813 137 8593 10690
5048 1396.15 332 22969 343 0 17340 5467
5040 1426.8 1055 19209 336 733 16639 1985
5048 1396.15 285 34083 245 0 26346 6443
5040 1426.8 620 30683 710 0 17963 11973
5048 1396.15 1123 30077 800 396 20940 9568
5040 1426.8 1724 22700 752 831 11019 11650
5048 1396.15 1677 28462 1546 211 22068 6407
5040 1426.8 475 44661 325 221 17781 27220
5048 1396.15 708 21335 711 0 12349 8868
5040 1426.8 72 12078 18 0 11038 901
5048 1396.15 770 25161 582 132 21369 3740
5040 1426.8 740 25033 484 264 13954 10817
5048 1396.15 1774 31627 946 313 22370 9661
5040 1426.8 557 40445 380 170 16017 23251
5048 1396.15 1163 21993 911 220 9810 11844
5040 1426.8 828 15240 582 176 12184 2817
5048 1396.15 760 37574 84 658 18735 19350
5040 1426.8 726 21420 464 227 17971 3952
5048 1396.15 696 31197 654 0 22561 8747
5040 1426.8 309 16266 280 0 10044 6097
5048 1396.15 453 19374 156 320 11611 6693
5040 1426.8 307 22865 321 0 7550 14721
5048 1396.15 744 29354 662 0 10264 18138
5040 1426.8 23 25522 8 0 15826 10478
5048 1396.15 582 23633 604 0 14367 8169
5040 1426.8 574 24495 189 354 13177 10227
5048 1396.15 1159 25144 804 208 19122 5120
5040 1426.8 717 27085 581 157 9459 17704
5048 1396.15 613 25746 415 162 16757 8730
5040 1426.8 457 27651 379 0 11738 15013
5048 1396.15 1613 33018 1383 200 21324 11009
5040 1426.8 910 24603 368 525 12274 11620
5048 1396.15 391 16564 390 0 15406 1231
5040 1426.8 630 15564 379 197 9782 5727
5048 1396.15 1303 46344 792 407 19547 26506
5040 1426.8 298 39967 68 211 22672 17042
5048 1396.15 896 38584 755 208 13707 23906
5040 1426.8 2014 18076 819 398 14502 3533
5048 1396.15 1589 26943 1285 0 12743 13908
5040 1426.8 756 22776 560 202 11959 10965
5048 1396.15 220 33397 207 0 13415 18310
5040 1426.8 1144 22334 634 548 12985 9649
5048 1396.15 602 22548 424 141 14516 7604
5040 1426.8 422 21318 430 0 17260 4091
5048 1396.15 915 21526 736 140 17217 4589
5040 1426.8 418 13566 461 0 13313 0
5048 1396.15 1001 19356 849 190 9097 9335
5040 1426.8 74 16756 6 0 15754 428
5048 1396.15 10 13433 0 0 8878 4909
5040 1426.8 362 20013 320 0 12189 7864
5048 1396.15 362 29942 172 179 16342 14426
5040 1426.8 781 24295 343 483 15673 9202
5048 1396.15 1372 22332 1351 0 22921 0
5040 1426.8 459 19915 285 194 15864 4267
5048 1396.15 645 21299 672 0 17690 2380
5040 1426.8 15 19048 40 0 14073 4550
5048 1396.15 384 28369 131 190 11040 17256
5040 1426.8 261 21443 254 0 9886 11261
5048 1396.15 1262 33894 762 479 19274 14629
5040 1426.8 275 13759 291 0 12224 770
5048 1396.15 601 10646 602 0 10425 0
5040 1426.8 979 24315 728 215 7987 16020
5048 1396.15 1410 22703 1102 310 8097 15172
5040 1426.8 875 26808 578 164 15798 10170
5048 1396.15 894 16565 98 737 11124 4758
5040 1426.8 605 8727 330 250 6360 1856
5048 1396.15 497 20747 475 0 9334 10449
5040 1426.8 825 25392 231 546 17689 8616
5048 1396.15 919 15729 943 0 12591 2508
5040 1426.8 501 25803 465 0 10071 15175
5048 1396.15 1364 28646 161 487 8460 20204
5040 1426.8 1736 30706 1777 0 16543 14592
5048 1396.15 267 29181 84 97 11820 15361
5040 1426.8 262 38071 0 198 19160 18249
5048 1396.15 420 24315 184 227 16001 7204
5040 1426.8 183 27865 184 0 12094 14826
5048 1396.15 1009 22930 617 0 14036 8624
5040 1426.8 826 37705 456 392 15694 20828
5048 1396.15 780 31213 412 312 12877 17269
5040 1426.8 345 19790 367 0 14137 3910
5048 1396.15 1589 32248 507 1069 14863 17016
5040 1426.8 1596 21321 1416 242 5262 15762
5048 1396.15 554 23496 73 465 9540 13727
5048 1396.15 1016 18725 572 378 14864 3974
5040 1426.8 1594 27285 971 441 10543 16126
5040 1426.8 -16 16315 9 0 9193 6569
5048 1396.15 752 28287 410 269 10219 18446
5040 1426.8 1217 30542 827 350 7660 22926
5048 1396.15 605 17809 409 207 11422 5761
5040 1426.8 403 25151 326 169 6923 17984
5048 1396.15 1262 11637 946 311 10011 817
5040 1426.8 1102 23026 527 466 9037 12774
5048 1396.15 2087 17019 1913 237 6368 9876
5040 1426.8 1084 27583 728 356 12665 14231
5048 1396.15 1074 29801 637 408 12520 15620
5040 1426.8 449 26991 191 274 12820 14049
5048 1396.15 1846 23811 969 505 7818 15463
5040 1426.8 789 21078 381 263 15265 6301
5048 1396.15 1114 27630 841 215 19011 8435
5040 1426.8 505 58625 299 220 31302 28154
5048 1396.15 753 38518 634 190 22418 15353
5040 1426.8 716 36557 114 614 15248 20716
5048 1396.15 727 28133 651 0 21954 5302
5040 1426.8 1218 36556 743 492 19314 17882
5048 1396.15 957 21876 663 192 8636 13277
5040 1426.8 875 13487 795 0 11701 1277
5048 1396.15 722 12638 267 0 8746 3503
5040 1426.8 702 18103 499 101 11263 5626
5048 1396.15 1998 34062 1292 213 19556 13576
5040 1426.8 1002 36786 457 672 12798 23514
5048 1396.15 777 33111 570 244 17173 17277
5040 1426.8 1249 20550 796 242 14116 6370
5048 1396.15 342 13616 339 0 11250 2498
5040 1426.8 314 14192 130 188 9259 5163
5048 1396.15 606 17365 350 129 11621 5004
5040 1426.8 954 30551 924 0 18899 11080
5048 1396.15 1110 25596 1100 0 14782 11109
5040 1426.8 96 19700 127 0 14705 4827
5048 1396.15 778 19395 571 191 13668 4392
5040 1426.8 1215 28689 872 367 10474 16853
5048 1396.15 1085 16813 970 175 10104 6954
5040 1426.8 380 18841 397 0 11040 7523
5048 1396.15 189 21560 218 0 17276 4097
5040 1426.8 81 12016 64 0 7214 4690
5048 1396.15 1123 17506 286 0 16063 932
5040 1426.8 1003 31081 647 0 17086 13652
5048 1396.15 1534 23936 1462 0 16419 7570
5040 1426.8 1791 19140 1563 220 8002 10675
5048 1396.15 504 20885 502 0 14108 6437
5040 1426.8 956 29797 814 180 18293 10877
5048 1396.15 586 4359 658 0 4306 344
5040 1426.8 723 25221 243 456 11598 12522
5048 1396.15 567 17360 288 226 11273 5494
5040 1426.8 738 20883 415 341 8392 11855
5048 1396.15 372 36659 285 134 15761 21104
5040 1426.8 610 41508 106 0 21103 19703
5048 1396.15 2280 17138 1470 0 13401 3580
5040 1426.8 695 26287 534 180 14263 11854
5048 1396.15 429 39547 305 118 12730 26393
5040 1426.8 1211 17719 739 516 9584 7863
5048 1396.15 326 12304 343 0 10765 1567
5040 1426.8 595 19830 419 214 9053 10943
5048 1396.15 545 27876 410 164 10870 16226
5040 1426.8 817 21951 233 325 11646 9034
5048 1396.15 1043 30514 308 498 17534 11799
5040 1426.8 718 13438 710 0 10406 2854
5048 1396.15 951 17340 682 289 9382 7844
5040 1426.8 -46 11810 1 0 6584 4507
5048 1396.15 769 24596 280 435 13982 10609
5040 1426.8 1004 29245 947 172 19470 8516
5048 1396.15 1546 32116 271 977 14477 16548
5040 1426.8 1388 33497 877 495 12845 20132
5048 1396.15 578 20762 486 140 14433 5127
5040 1426.8 310 39977 268 0 38148 1620
5048 1396.15 1080 24828 455 252 18678 6318
5040 1426.8 1097 44527 451 552 19606 25792
5048 1396.15 1160 15403 481 368 6149 8954
5040 1426.8 1024 22873 778 0 16033 6767
5048 1396.15 1037 29463 652 457 13085 16989
5040 1426.8 419 16774 305 126 11868 4995
5048 1396.15 1659 26221 1524 243 15958 9428
5040 1426.8 168 20259 63 0 15721 4718
5048 1396.15 987 38840 292 797 13892 23597
5040 1426.8 231 14335 237 0 8498 5296
5048 1396.15 477 18402 283 187 10185 8453
5040 1426.8 236 11686 207 0 9565 2182
5048 1396.15 1724 8614 1659 0 8679 0
5040 1426.8 1135 31192 933 188 18511 12725
5048 1396.15 2218 37613 631 771 14972 24247
5040 1426.8 527 17294 363 122 15985 817
5048 1396.15 470 31399 446 0 18377 13271
5040 1426.8 440 32398 20 430 18337 13172
5048 1396.15 1555 30804 723 769 16213 15167
5040 1426.8 360 28432 182 159 14771 14108
5048 1396.15 1169 23887 228 1008 9955 13110
5040 1426.8 523 21256 246 162 10712 9584
5048 1396.15 849 28743 648 119 18679 9988
5040 1426.8 512 25925 126 325 14559 11176
5048 1396.15 1911 25678 1848 183 17642 7070
5040 1426.8 407 23749 374 0 19482 3940
5048 1396.15 918 45279 655 379 9497 33970
5040 1426.8 1579 32421 1516 0 18338 13049
5048 1396.15 163 15927 177 0 14811 1116
